0 0.36333333333333334 0.275092936802974 0.051111111111111114 0.05204460966542751
0 0.11666666666666667 0.4256505576208178 0.028888888888888888 0.09293680297397769
1 0.2911111111111111 0.3215613382899628 0.026666666666666665 0.040892193308550186
0 0.8255555555555556 0.23420074349442377 0.024444444444444446 0.05204460966542751
0 0.7755555555555556 0.2732342007434944 0.026666666666666665 0.040892193308550186
0 0.7444444444444445 0.49814126394052044 0.026666666666666665 0.04460966542750929
0 0.7922222222222223 0.5390334572490706 0.024444444444444446 0.04460966542750929
0 0.9288888888888889 0.258364312267658 0.044444444444444446 0.08550185873605948
0 0.9322222222222222 0.5185873605947955 0.03333333333333333 0.07806691449814127
0 0.06444444444444444 0.5074349442379182 0.03111111111111111 0.09293680297397769
