0 0.10777777777777778 0.5762081784386617 0.024444444444444446 0.05204460966542751
0 0.11555555555555555 0.48884758364312264 0.03111111111111111 0.055762081784386616
0 0.06333333333333334 0.5092936802973977 0.028888888888888888 0.0966542750929368
0 0.16333333333333333 0.5297397769516728 0.024444444444444446 0.0483271375464684
0 0.2088888888888889 0.2657992565055762 0.026666666666666665 0.0483271375464684
0 0.2677777777777778 0.2211895910780669 0.028888888888888888 0.0483271375464684
0 0.7055555555555556 0.5315985130111524 0.024444444444444446 0.04460966542750929
0 0.7877777777777778 0.5315985130111524 0.024444444444444446 0.05204460966542751
0 0.8966666666666666 0.4907063197026022 0.028888888888888888 0.05204460966542751
0 0.8888888888888888 0.22490706319702602 0.026666666666666665 0.040892193308550186
0 0.7188888888888889 0.3104089219330855 0.028888888888888888 0.0483271375464684
0 0.9333333333333333 0.5111524163568772 0.03111111111111111 0.09293680297397769
