0 0.7766666666666666 0.2620817843866171 0.02 0.0483271375464684
0 0.8255555555555556 0.22304832713754646 0.024444444444444446 0.04460966542750929
0 0.7444444444444445 0.48884758364312264 0.022222222222222223 0.0483271375464684
0 0.7933333333333333 0.5278810408921932 0.026666666666666665 0.04460966542750929
0 0.36444444444444446 0.2639405204460966 0.05333333333333333 0.05204460966542751
0 0.11777777777777777 0.42007434944237915 0.03111111111111111 0.08921933085501858
0 0.06555555555555556 0.5074349442379182 0.03333333333333333 0.09293680297397769
0 0.9233333333333333 0.241635687732342 0.03333333333333333 0.08921933085501858
1 0.6466666666666666 0.22304832713754646 0.026666666666666665 0.04460966542750929
0 0.9344444444444444 0.5130111524163569 0.03333333333333333 0.10408921933085502
