0 0.8888888888888888 0.22676579925650556 0.026666666666666665 0.03717472118959107
0 0.72 0.3215613382899628 0.026666666666666665 0.0483271375464684
0 0.8977777777777778 0.4944237918215613 0.03111111111111111 0.04460966542750929
0 0.7866666666666666 0.5315985130111524 0.03111111111111111 0.04460966542750929
0 0.7055555555555556 0.533457249070632 0.024444444444444446 0.0483271375464684
0 0.2688888888888889 0.23234200743494424 0.026666666666666665 0.0483271375464684
0 0.2088888888888889 0.26765799256505574 0.026666666666666665 0.04460966542750929
0 0.06555555555555556 0.5074349442379182 0.028888888888888888 0.1003717472118959
0 0.11444444444444445 0.4907063197026022 0.024444444444444446 0.05204460966542751
0 0.16555555555555557 0.533457249070632 0.024444444444444446 0.055762081784386616
0 0.10777777777777778 0.5799256505576208 0.028888888888888888 0.05204460966542751
0 0.9377777777777778 0.25650557620817843 0.026666666666666665 0.0966542750929368
0 0.9344444444444444 0.5111524163568772 0.03333333333333333 0.09293680297397769
