0 0.7866666666666666 0.5297397769516728 0.026666666666666665 0.0483271375464684
0 0.7066666666666667 0.5315985130111524 0.026666666666666665 0.05204460966542751
0 0.72 0.3141263940520446 0.026666666666666665 0.0483271375464684
0 0.26555555555555554 0.22304832713754646 0.024444444444444446 0.05204460966542751
0 0.21222222222222223 0.2657992565055762 0.028888888888888888 0.055762081784386616
0 0.11777777777777777 0.49256505576208176 0.026666666666666665 0.0483271375464684
0 0.16555555555555557 0.5315985130111524 0.024444444444444446 0.04460966542750929
0 0.10666666666666666 0.5780669144981412 0.022222222222222223 0.0483271375464684
0 0.06333333333333334 0.5 0.042222222222222223 0.1003717472118959
0 0.06777777777777778 0.241635687732342 0.03333333333333333 0.0966542750929368
