0 0.2011111111111111 0.23048327137546468 0.05555555555555555 0.08921933085501858
0 0.1688888888888889 0.25092936802973975 0.026666666666666665 0.055762081784386616
0 0.15333333333333332 0.31970260223048325 0.16 0.08921933085501858
1 0.66 0.2973977695167286 0.03111111111111111 0.05204460966542751
1 0.6544444444444445 0.3420074349442379 0.028888888888888888 0.05204460966542751
0 0.14777777777777779 0.5 0.13111111111111112 0.1003717472118959
0 0.23666666666666666 0.4070631970260223 0.028888888888888888 0.09293680297397769
0 0.07666666666666666 0.6728624535315985 0.051111111111111114 0.10408921933085502
0 0.07777777777777778 0.8513011152416357 0.04888888888888889 0.0966542750929368
1 0.8955555555555555 0.7862453531598512 0.03111111111111111 0.055762081784386616
1 0.9 0.7472118959107806 0.03111111111111111 0.05204460966542751
