1 0.058888888888888886 0.3736059479553903 0.024444444444444446 0.055762081784386616
1 0.7311111111111112 0.36802973977695164 0.026666666666666665 0.05204460966542751
1 0.46 0.6338289962825279 0.03111111111111111 0.0483271375464684
1 0.6455555555555555 0.6747211895910781 0.028888888888888888 0.055762081784386616
0 0.18555555555555556 0.4944237918215613 0.024444444444444446 0.05947955390334572
0 0.26222222222222225 0.5408921933085502 0.026666666666666665 0.0483271375464684
0 0.12111111111111111 0.5390334572490706 0.024444444444444446 0.05204460966542751
1 0.8133333333333334 0.46096654275092935 0.022222222222222223 0.05947955390334572
0 0.9 0.5018587360594795 0.026666666666666665 0.05204460966542751
0 0.9188888888888889 0.5483271375464683 0.024444444444444446 0.055762081784386616
0 0.8644444444444445 0.42936802973977695 0.06222222222222222 0.08550185873605948
