0 0.8977777777777778 0.5037174721189591 0.03111111111111111 0.0483271375464684
0 0.92 0.5464684014869888 0.03111111111111111 0.05204460966542751
0 0.18555555555555556 0.4962825278810409 0.024444444444444446 0.0483271375464684
0 0.26222222222222225 0.5408921933085502 0.026666666666666665 0.0483271375464684
0 0.12 0.5408921933085502 0.03111111111111111 0.0483271375464684
1 0.057777777777777775 0.3754646840148699 0.026666666666666665 0.06691449814126393
1 0.4588888888888889 0.6282527881040892 0.028888888888888888 0.04460966542750929
1 0.6455555555555555 0.6747211895910781 0.028888888888888888 0.0483271375464684
1 0.8133333333333334 0.4591078066914498 0.026666666666666665 0.055762081784386616
0 0.8611111111111112 0.43494423791821557 0.06 0.08178438661710037
