1 0.06 0.3698884758364312 0.022222222222222223 0.0483271375464684
1 0.45666666666666667 0.6301115241635687 0.028888888888888888 0.040892193308550186
1 0.6466666666666666 0.6784386617100372 0.026666666666666665 0.0483271375464684
1 0.8111111111111111 0.4591078066914498 0.022222222222222223 0.055762081784386616
0 0.8966666666666666 0.5055762081784386 0.024444444444444446 0.04460966542750929
0 0.9188888888888889 0.5483271375464683 0.028888888888888888 0.0483271375464684
0 0.18555555555555556 0.5 0.024444444444444446 0.0483271375464684
0 0.11777777777777777 0.5371747211895911 0.026666666666666665 0.0483271375464684
0 0.26222222222222225 0.5371747211895911 0.026666666666666665 0.040892193308550186
0 0.8622222222222222 0.43680297397769513 0.06222222222222222 0.08550185873605948
