0 0.13333333333333333 0.42936802973977695 0.057777777777777775 0.07806691449814127
0 0.09888888888888889 0.5074349442379182 0.02 0.040892193308550186
0 0.07666666666666666 0.5464684014869888 0.024444444444444446 0.04460966542750929
0 0.8122222222222222 0.4962825278810409 0.024444444444444446 0.055762081784386616
0 0.8744444444444445 0.5371747211895911 0.028888888888888888 0.040892193308550186
0 0.7355555555555555 0.5427509293680297 0.026666666666666665 0.04460966542750929
1 0.5377777777777778 0.6282527881040892 0.03111111111111111 0.04460966542750929
1 0.3477777777777778 0.6747211895910781 0.028888888888888888 0.040892193308550186
1 0.26666666666666666 0.3643122676579926 0.03111111111111111 0.05204460966542751
1 0.18222222222222223 0.4591078066914498 0.03111111111111111 0.055762081784386616
1 0.9366666666666666 0.3736059479553903 0.024444444444444446 0.07063197026022304
