1 0.7277777777777777 0.3643122676579926 0.028888888888888888 0.04460966542750929
1 0.6444444444444445 0.6802973977695167 0.026666666666666665 0.04460966542750929
1 0.45666666666666667 0.6319702602230483 0.028888888888888888 0.04460966542750929
0 0.15333333333333332 0.4553903345724907 0.026666666666666665 0.040892193308550186
0 0.2611111111111111 0.5427509293680297 0.028888888888888888 0.04460966542750929
0 0.42777777777777776 0.275092936802974 0.024444444444444446 0.04460966542750929
0 0.5788888888888889 0.27695167286245354 0.02 0.0483271375464684
0 0.74 0.4553903345724907 0.026666666666666665 0.040892193308550186
0 0.8411111111111111 0.4182156133828996 0.024444444444444446 0.0483271375464684
0 0.8655555555555555 0.45724907063197023 0.028888888888888888 0.05204460966542751
0 0.8777777777777778 0.5427509293680297 0.035555555555555556 0.05204460966542751
0 0.9177777777777778 0.5446096654275092 0.022222222222222223 0.055762081784386616
0 0.11444444444444445 0.5390334572490706 0.024444444444444446 0.05204460966542751
0 0.16777777777777778 0.5018587360594795 0.051111111111111114 0.05204460966542751
