0 0.5822222222222222 0.27695167286245354 0.026666666666666665 0.0483271375464684
0 0.43 0.275092936802974 0.028888888888888888 0.04460966542750929
0 0.15222222222222223 0.45167286245353155 0.02 0.03345724907063197
0 0.17 0.5 0.05555555555555555 0.0483271375464684
0 0.11888888888888889 0.5390334572490706 0.02 0.04460966542750929
0 0.26222222222222225 0.5427509293680297 0.026666666666666665 0.04460966542750929
1 0.45666666666666667 0.6226765799256505 0.024444444444444446 0.040892193308550186
1 0.6444444444444445 0.6765799256505576 0.026666666666666665 0.05204460966542751
0 0.7388888888888889 0.45724907063197023 0.024444444444444446 0.04460966542750929
0 0.8422222222222222 0.41263940520446096 0.026666666666666665 0.05204460966542751
0 0.8666666666666667 0.4553903345724907 0.026666666666666665 0.0483271375464684
0 0.8766666666666667 0.5408921933085502 0.028888888888888888 0.0483271375464684
0 0.9155555555555556 0.5427509293680297 0.026666666666666665 0.05204460966542751
