0 0.8266666666666667 0.5 0.05333333333333333 0.0483271375464684
0 0.8811111111111111 0.5427509293680297 0.028888888888888888 0.04460966542750929
0 0.8444444444444444 0.45724907063197023 0.026666666666666665 0.05204460966542751
0 0.07888888888888888 0.5446096654275092 0.024444444444444446 0.040892193308550186
0 0.11777777777777777 0.5427509293680297 0.035555555555555556 0.05204460966542751
0 0.1322222222222222 0.45724907063197023 0.028888888888888888 0.04460966542750929
0 0.15444444444444444 0.4163568773234201 0.024444444444444446 0.04460966542750929
0 0.2577777777777778 0.45724907063197023 0.026666666666666665 0.04460966542750929
0 0.4166666666666667 0.27695167286245354 0.024444444444444446 0.0483271375464684
0 0.5655555555555556 0.275092936802974 0.024444444444444446 0.04460966542750929
0 0.7366666666666667 0.5390334572490706 0.024444444444444446 0.04460966542750929
1 0.54 0.6263940520446096 0.03111111111111111 0.0483271375464684
1 0.35 0.6765799256505576 0.028888888888888888 0.05204460966542751
