1 0.3622222222222222 0.2732342007434944 0.026666666666666665 0.0483271375464684
1 0.6166666666666667 0.2379182156133829 0.028888888888888888 0.05947955390334572
1 0.13555555555555557 0.23605947955390333 0.026666666666666665 0.055762081784386616
0 0.13444444444444445 0.40892193308550184 0.024444444444444446 0.04460966542750929
0 0.16444444444444445 0.44423791821561337 0.022222222222222223 0.0483271375464684
0 0.12555555555555556 0.49814126394052044 0.024444444444444446 0.04460966542750929
0 0.08666666666666667 0.5185873605947955 0.04 0.07063197026022304
0 0.23222222222222222 0.5390334572490706 0.051111111111111114 0.05204460966542751
0 0.71 0.5427509293680297 0.024444444444444446 0.04460966542750929
0 0.7366666666666667 0.5037174721189591 0.024444444444444446 0.0483271375464684
0 0.75 0.4535315985130111 0.024444444444444446 0.05947955390334572
0 0.8944444444444445 0.5204460966542751 0.03777777777777778 0.08178438661710037
0 0.88 0.44981412639405205 0.022222222222222223 0.04460966542750929
0 0.83 0.5037174721189591 0.024444444444444446 0.0483271375464684
0 0.45222222222222225 0.8011152416356877 0.024444444444444446 0.0483271375464684
