1 0.36333333333333334 0.2732342007434944 0.028888888888888888 0.0483271375464684
1 0.6166666666666667 0.23605947955390333 0.028888888888888888 0.0483271375464684
1 0.14444444444444443 0.23234200743494424 0.022222222222222223 0.0483271375464684
0 0.13333333333333333 0.40892193308550184 0.026666666666666665 0.05204460966542751
0 0.16666666666666666 0.4479553903345725 0.022222222222222223 0.0483271375464684
0 0.08777777777777777 0.5185873605947955 0.03777777777777778 0.08550185873605948
0 0.12777777777777777 0.5 0.024444444444444446 0.0483271375464684
0 0.23333333333333334 0.5390334572490706 0.05333333333333333 0.05204460966542751
0 0.7377777777777778 0.5 0.026666666666666665 0.0483271375464684
0 0.7088888888888889 0.5427509293680297 0.026666666666666665 0.04460966542750929
0 0.8288888888888889 0.5037174721189591 0.026666666666666665 0.040892193308550186
0 0.8922222222222222 0.5204460966542751 0.03777777777777778 0.07434944237918215
0 0.8766666666666667 0.45167286245353155 0.024444444444444446 0.040892193308550186
0 0.45111111111111113 0.7992565055762081 0.022222222222222223 0.04460966542750929
