0 0.08888888888888889 0.5185873605947955 0.035555555555555556 0.07806691449814127
0 0.23333333333333334 0.5390334572490706 0.04888888888888889 0.04460966542750929
0 0.12555555555555556 0.49814126394052044 0.024444444444444446 0.04460966542750929
0 0.16666666666666666 0.4535315985130111 0.026666666666666665 0.05204460966542751
0 0.13444444444444445 0.4144981412639405 0.028888888888888888 0.0483271375464684
0 0.45 0.8011152416356877 0.028888888888888888 0.0483271375464684
0 0.7077777777777777 0.5408921933085502 0.024444444444444446 0.055762081784386616
0 0.7388888888888889 0.5055762081784386 0.028888888888888888 0.04460966542750929
0 0.7533333333333333 0.4535315985130111 0.026666666666666665 0.04460966542750929
0 0.8277777777777777 0.5 0.024444444444444446 0.040892193308550186
0 0.8944444444444445 0.5223048327137546 0.042222222222222223 0.07806691449814127
0 0.8766666666666667 0.45167286245353155 0.024444444444444446 0.0483271375464684
1 0.36444444444444446 0.2695167286245353 0.03111111111111111 0.0483271375464684
1 0.6166666666666667 0.2379182156133829 0.028888888888888888 0.05204460966542751
1 0.14555555555555555 0.23420074349442377 0.028888888888888888 0.04460966542750929
