1 0.3811111111111111 0.23420074349442377 0.028888888888888888 0.05204460966542751
1 0.6344444444444445 0.2732342007434944 0.028888888888888888 0.055762081784386616
1 0.8522222222222222 0.23605947955390333 0.028888888888888888 0.055762081784386616
0 0.8633333333333333 0.4107806691449814 0.028888888888888888 0.0483271375464684
0 0.8311111111111111 0.44981412639405205 0.022222222222222223 0.04460966542750929
0 0.7611111111111111 0.5371747211895911 0.05555555555555555 0.0483271375464684
0 0.8677777777777778 0.49814126394052044 0.02 0.04460966542750929
0 0.9077777777777778 0.5204460966542751 0.03777777777777778 0.08921933085501858
0 0.5444444444444444 0.7955390334572491 0.026666666666666665 0.05204460966542751
0 0.10222222222222223 0.5185873605947955 0.035555555555555556 0.08550185873605948
0 0.11777777777777777 0.45167286245353155 0.022222222222222223 0.0483271375464684
0 0.16333333333333333 0.5037174721189591 0.024444444444444446 0.0483271375464684
0 0.28888888888888886 0.5408921933085502 0.022222222222222223 0.0483271375464684
0 0.25666666666666665 0.5074349442379182 0.028888888888888888 0.0483271375464684
0 0.24333333333333335 0.4535315985130111 0.024444444444444446 0.05947955390334572
