1 0.9122222222222223 0.31970260223048325 0.024444444444444446 0.05947955390334572
0 0.9566666666666667 0.3420074349442379 0.07777777777777778 0.0966542750929368
0 0.97 0.516728624535316 0.03333333333333333 0.08921933085501858
1 0.8177777777777778 0.5892193308550185 0.026666666666666665 0.0483271375464684
0 0.8322222222222222 0.6059479553903345 0.028888888888888888 0.08178438661710037
0 0.8277777777777777 0.7769516728624535 0.04666666666666667 0.08178438661710037
0 0.6488888888888888 0.862453531598513 0.08 0.08178438661710037
0 0.6166666666666667 0.7732342007434944 0.06 0.08178438661710037
0 0.6477777777777778 0.6858736059479553 0.09555555555555556 0.08550185873605948
0 0.6177777777777778 0.6003717472118959 0.04 0.07806691449814127
0 0.6555555555555556 0.5185873605947955 0.044444444444444446 0.08550185873605948
0 0.6577777777777778 0.33643122676579923 0.08 0.08550185873605948
0 0.41 0.3308550185873606 0.09555555555555556 0.08921933085501858
0 0.41 0.5148698884758364 0.1 0.08550185873605948
0 0.4022222222222222 0.5985130111524163 0.044444444444444446 0.08178438661710037
0 0.40444444444444444 0.7695167286245352 0.07111111111111111 0.2527881040892193
0 0.17888888888888888 0.6022304832713754 0.04666666666666667 0.08178438661710037
0 0.1811111111111111 0.6858736059479553 0.11777777777777777 0.08550185873605948
0 0.17888888888888888 0.7732342007434944 0.06 0.08178438661710037
0 0.17777777777777778 0.8568773234200743 0.1111111111111111 0.08550185873605948
0 0.5322222222222223 0.31970260223048325 0.02 0.04460966542750929
