0 0.5333333333333333 0.3178438661710037 0.022222222222222223 0.0483271375464684
1 0.9122222222222223 0.34014869888475835 0.024444444444444446 0.08550185873605948
0 0.9577777777777777 0.34386617100371747 0.07555555555555556 0.08550185873605948
0 0.9733333333333334 0.5204460966542751 0.026666666666666665 0.08921933085501858
1 0.8166666666666667 0.5892193308550185 0.028888888888888888 0.055762081784386616
0 0.8333333333333334 0.6059479553903345 0.026666666666666665 0.08178438661710037
0 0.83 0.775092936802974 0.05555555555555555 0.07806691449814127
0 0.6544444444444445 0.5185873605947955 0.04666666666666667 0.07806691449814127
0 0.6588888888888889 0.33643122676579923 0.08666666666666667 0.08550185873605948
0 0.6177777777777778 0.6003717472118959 0.035555555555555556 0.07806691449814127
0 0.6466666666666666 0.6895910780669144 0.09333333333333334 0.09293680297397769
0 0.6166666666666667 0.7732342007434944 0.051111111111111114 0.08178438661710037
0 0.6488888888888888 0.8643122676579925 0.07555555555555556 0.09293680297397769
0 0.4033333333333333 0.7732342007434944 0.06888888888888889 0.2527881040892193
0 0.4033333333333333 0.6022304832713754 0.051111111111111114 0.08921933085501858
0 0.4088888888888889 0.5148698884758364 0.10222222222222223 0.09293680297397769
0 0.4111111111111111 0.3382899628252788 0.09777777777777778 0.08178438661710037
0 0.18 0.6059479553903345 0.04888888888888889 0.08178438661710037
0 0.17888888888888888 0.6877323420074349 0.12222222222222222 0.07434944237918215
0 0.17666666666666667 0.7713754646840149 0.06444444444444444 0.08550185873605948
0 0.17666666666666667 0.8587360594795539 0.11333333333333333 0.08178438661710037
