0 0.33555555555555555 0.33643122676579923 0.08888888888888889 0.08550185873605948
0 0.5866666666666667 0.33643122676579923 0.09333333333333334 0.08550185873605948
0 0.46444444444444444 0.31970260223048325 0.022222222222222223 0.04460966542750929
0 0.3433333333333333 0.516728624535316 0.05555555555555555 0.08178438661710037
0 0.59 0.5148698884758364 0.10444444444444445 0.08550185873605948
0 0.59 0.6003717472118959 0.042222222222222223 0.07806691449814127
0 0.8177777777777778 0.6022304832713754 0.04888888888888889 0.08921933085501858
0 0.8155555555555556 0.6914498141263941 0.12 0.08178438661710037
0 0.8166666666666667 0.7769516728624535 0.05555555555555555 0.08178438661710037
0 0.8166666666666667 0.8587360594795539 0.10888888888888888 0.08178438661710037
0 0.5888888888888889 0.7713754646840149 0.07555555555555556 0.25650557620817843
0 0.3477777777777778 0.6877323420074349 0.09111111111111111 0.08178438661710037
0 0.37666666666666665 0.6022304832713754 0.03777777777777778 0.08178438661710037
0 0.3811111111111111 0.7769516728624535 0.05555555555555555 0.07434944237918215
0 0.3477777777777778 0.862453531598513 0.07777777777777778 0.08921933085501858
1 0.31666666666666665 0.8921933085501859 0.028888888888888888 0.05204460966542751
1 0.17777777777777778 0.587360594795539 0.022222222222222223 0.04460966542750929
0 0.16444444444444445 0.6096654275092936 0.03111111111111111 0.08178438661710037
0 0.16333333333333333 0.7769516728624535 0.04666666666666667 0.07434944237918215
0 0.027777777777777776 0.5185873605947955 0.028888888888888888 0.08550185873605948
1 0.08555555555555555 0.3475836431226766 0.028888888888888888 0.1003717472118959
0 0.042222222222222223 0.3475836431226766 0.07111111111111111 0.09293680297397769
