0 0.13 0.41263940520446096 0.03333333333333333 0.05204460966542751
0 0.12555555555555556 0.49814126394052044 0.024444444444444446 0.04460966542750929
0 0.16666666666666666 0.44981412639405205 0.026666666666666665 0.04460966542750929
1 0.36333333333333334 0.275092936802974 0.028888888888888888 0.05204460966542751
0 0.89 0.4535315985130111 0.04666666666666667 0.04460966542750929
0 0.8866666666666667 0.5223048327137546 0.04888888888888889 0.07806691449814127
0 0.8311111111111111 0.5223048327137546 0.03111111111111111 0.08550185873605948
0 0.7511111111111111 0.5037174721189591 0.04888888888888889 0.040892193308550186
0 0.45 0.7992565055762081 0.028888888888888888 0.03717472118959107
0 0.6155555555555555 0.241635687732342 0.026666666666666665 0.05204460966542751
