1 0.06 0.36802973977695164 0.022222222222222223 0.05204460966542751
0 0.11888888888888889 0.5371747211895911 0.028888888888888888 0.040892193308550186
0 0.18333333333333332 0.5 0.024444444444444446 0.0483271375464684
0 0.2611111111111111 0.5446096654275092 0.024444444444444446 0.0483271375464684
1 0.46111111111111114 0.6301115241635687 0.024444444444444446 0.040892193308550186
1 0.8122222222222222 0.4591078066914498 0.02 0.055762081784386616
0 0.8977777777777778 0.5055762081784386 0.03111111111111111 0.04460966542750929
0 0.9222222222222223 0.5446096654275092 0.026666666666666665 0.0483271375464684
0 0.8444444444444444 0.4163568773234201 0.026666666666666665 0.05204460966542751
0 0.8755555555555555 0.43494423791821557 0.035555555555555556 0.07434944237918215
1 0.6477777777777778 0.6765799256505576 0.028888888888888888 0.04460966542750929
