1 0.058888888888888886 0.36802973977695164 0.02 0.05947955390334572
0 0.12111111111111111 0.5408921933085502 0.028888888888888888 0.0483271375464684
0 0.18444444444444444 0.5018587360594795 0.022222222222222223 0.04460966542750929
0 0.2611111111111111 0.5446096654275092 0.024444444444444446 0.040892193308550186
1 0.4577777777777778 0.6301115241635687 0.026666666666666665 0.040892193308550186
1 0.8133333333333334 0.4591078066914498 0.026666666666666665 0.055762081784386616
0 0.8622222222222222 0.43308550185873607 0.057777777777777775 0.08550185873605948
0 0.8977777777777778 0.5074349442379182 0.022222222222222223 0.040892193308550186
0 0.92 0.5446096654275092 0.022222222222222223 0.040892193308550186
1 0.6477777777777778 0.6765799256505576 0.028888888888888888 0.04460966542750929
