1 0.6155555555555555 0.23605947955390333 0.026666666666666665 0.055762081784386616
0 0.74 0.5 0.026666666666666665 0.040892193308550186
0 0.8888888888888888 0.45724907063197023 0.04888888888888889 0.04460966542750929
0 0.8866666666666667 0.5223048327137546 0.04888888888888889 0.07063197026022304
0 0.8288888888888889 0.5037174721189591 0.026666666666666665 0.0483271375464684
1 0.36444444444444446 0.27137546468401486 0.03111111111111111 0.05204460966542751
0 0.08 0.4107806691449814 0.026666666666666665 0.040892193308550186
0 0.13 0.4144981412639405 0.03333333333333333 0.0483271375464684
0 0.16555555555555557 0.4479553903345725 0.028888888888888888 0.0483271375464684
0 0.08888888888888889 0.5204460966542751 0.04 0.08178438661710037
0 0.12777777777777777 0.5 0.028888888888888888 0.0483271375464684
0 0.21888888888888888 0.5408921933085502 0.024444444444444446 0.0483271375464684
0 0.45222222222222225 0.8011152416356877 0.028888888888888888 0.0483271375464684
1 0.9411111111111111 0.5037174721189591 0.02 0.055762081784386616
1 0.9455555555555556 0.5910780669144982 0.024444444444444446 0.05204460966542751
