1 0.36444444444444446 0.2788104089219331 0.026666666666666665 0.04460966542750929
1 0.6144444444444445 0.23977695167286245 0.024444444444444446 0.0483271375464684
0 0.89 0.4591078066914498 0.04666666666666667 0.0483271375464684
0 0.8866666666666667 0.5223048327137546 0.05333333333333333 0.07806691449814127
0 0.8311111111111111 0.5223048327137546 0.035555555555555556 0.09293680297397769
0 0.75 0.5055762081784386 0.051111111111111114 0.04460966542750929
0 0.45 0.8011152416356877 0.028888888888888888 0.040892193308550186
1 0.9388888888888889 0.6319702602230483 0.024444444444444446 0.05204460966542751
0 0.16666666666666666 0.4553903345724907 0.026666666666666665 0.0483271375464684
0 0.12333333333333334 0.49814126394052044 0.03333333333333333 0.04460966542750929
0 0.13 0.4144981412639405 0.03333333333333333 0.040892193308550186
