1 0.45666666666666667 0.6301115241635687 0.028888888888888888 0.0483271375464684
1 0.6444444444444445 0.6747211895910781 0.026666666666666665 0.040892193308550186
0 0.8777777777777778 0.5446096654275092 0.03111111111111111 0.0483271375464684
0 0.9177777777777778 0.5446096654275092 0.022222222222222223 0.0483271375464684
0 0.8422222222222222 0.4144981412639405 0.026666666666666665 0.0483271375464684
0 0.8644444444444445 0.4553903345724907 0.026666666666666665 0.040892193308550186
0 0.74 0.4535315985130111 0.03111111111111111 0.05204460966542751
0 0.58 0.2788104089219331 0.022222222222222223 0.04460966542750929
0 0.43 0.2788104089219331 0.024444444444444446 0.04460966542750929
0 0.2611111111111111 0.5408921933085502 0.024444444444444446 0.040892193308550186
0 0.17 0.5 0.051111111111111114 0.0483271375464684
0 0.15444444444444444 0.44981412639405205 0.024444444444444446 0.04460966542750929
0 0.12111111111111111 0.5390334572490706 0.024444444444444446 0.04460966542750929
