1 0.6588888888888889 0.3308550185873606 0.03333333333333333 0.08921933085501858
0 0.2 0.23420074349442377 0.04888888888888889 0.08921933085501858
0 0.14333333333333334 0.3215613382899628 0.18 0.1003717472118959
0 0.24 0.4107806691449814 0.035555555555555556 0.08550185873605948
0 0.13666666666666666 0.5 0.15333333333333332 0.1003717472118959
0 0.37222222222222223 0.5892193308550185 0.042222222222222223 0.09293680297397769
0 0.07444444444444444 0.6765799256505576 0.042222222222222223 0.11152416356877323
0 0.08555555555555555 0.8568773234200743 0.06 0.1003717472118959
0 0.52 0.43494423791821557 0.022222222222222223 0.05204460966542751
1 0.6733333333333333 0.6115241635687733 0.026666666666666665 0.0483271375464684
