0 0.18 0.5985130111524163 0.04888888888888889 0.08178438661710037
0 0.1811111111111111 0.6895910780669144 0.12666666666666668 0.08550185873605948
0 0.17888888888888888 0.7695167286245352 0.06 0.08178438661710037
0 0.18 0.8568773234200743 0.12 0.09293680297397769
0 0.4011111111111111 0.7732342007434944 0.06444444444444444 0.26765799256505574
0 0.4011111111111111 0.6003717472118959 0.04666666666666667 0.08550185873605948
0 0.4066666666666667 0.5130111524163569 0.09777777777777778 0.08921933085501858
0 0.4088888888888889 0.33643122676579923 0.09333333333333334 0.08550185873605948
0 0.5333333333333333 0.3178438661710037 0.022222222222222223 0.040892193308550186
0 0.6566666666666666 0.33457249070631967 0.08666666666666667 0.08921933085501858
0 0.6533333333333333 0.5204460966542751 0.04 0.08178438661710037
0 0.6166666666666667 0.5985130111524163 0.03777777777777778 0.07434944237918215
0 0.6455555555555555 0.6821561338289962 0.08666666666666667 0.08550185873605948
0 0.6155555555555555 0.7732342007434944 0.05333333333333333 0.08178438661710037
0 0.6522222222222223 0.8661710037174721 0.07777777777777778 0.08921933085501858
0 0.8311111111111111 0.7769516728624535 0.04888888888888889 0.08178438661710037
1 0.8155555555555556 0.6078066914498141 0.026666666666666665 0.08550185873605948
0 0.8355555555555556 0.6078066914498141 0.022222222222222223 0.08550185873605948
1 0.9122222222222223 0.34014869888475835 0.024444444444444446 0.09293680297397769
0 0.9588888888888889 0.34572490706319703 0.07777777777777778 0.08921933085501858
0 0.97 0.516728624535316 0.03333333333333333 0.08178438661710037
