1 0.058888888888888886 0.36802973977695164 0.024444444444444446 0.05204460966542751
0 0.18666666666666668 0.5 0.026666666666666665 0.0483271375464684
0 0.12 0.5408921933085502 0.026666666666666665 0.040892193308550186
0 0.26222222222222225 0.5408921933085502 0.022222222222222223 0.055762081784386616
1 0.6488888888888888 0.6747211895910781 0.026666666666666665 0.0483271375464684
1 0.4577777777777778 0.6301115241635687 0.026666666666666665 0.040892193308550186
1 0.8144444444444444 0.4591078066914498 0.024444444444444446 0.055762081784386616
0 0.8633333333333333 0.43680297397769513 0.06 0.07806691449814127
0 0.8988888888888888 0.5055762081784386 0.024444444444444446 0.04460966542750929
0 0.9188888888888889 0.5446096654275092 0.024444444444444446 0.0483271375464684
