1 0.36333333333333334 0.2732342007434944 0.028888888888888888 0.040892193308550186
1 0.6166666666666667 0.23605947955390333 0.028888888888888888 0.055762081784386616
0 0.23333333333333334 0.5371747211895911 0.05333333333333333 0.0483271375464684
0 0.16666666666666666 0.44609665427509293 0.026666666666666665 0.04460966542750929
0 0.13555555555555557 0.40892193308550184 0.022222222222222223 0.04460966542750929
0 0.45111111111111113 0.7973977695167286 0.026666666666666665 0.0483271375464684
0 0.7088888888888889 0.5408921933085502 0.022222222222222223 0.0483271375464684
0 0.74 0.5 0.026666666666666665 0.0483271375464684
0 0.8322222222222222 0.5223048327137546 0.028888888888888888 0.09293680297397769
0 0.8877777777777778 0.5427509293680297 0.024444444444444446 0.05947955390334572
0 0.8777777777777778 0.45167286245353155 0.022222222222222223 0.0483271375464684
0 0.1288888888888889 0.5018587360594795 0.03111111111111111 0.04460966542750929
