0 0.4288888888888889 0.275092936802974 0.022222222222222223 0.03717472118959107
0 0.58 0.2788104089219331 0.026666666666666665 0.04460966542750929
0 0.15333333333333332 0.4535315985130111 0.026666666666666665 0.04460966542750929
0 0.17 0.5018587360594795 0.05555555555555555 0.05204460966542751
0 0.26 0.5446096654275092 0.026666666666666665 0.0483271375464684
1 0.45555555555555555 0.6282527881040892 0.026666666666666665 0.04460966542750929
1 0.6466666666666666 0.6728624535315985 0.026666666666666665 0.04460966542750929
0 0.8788888888888889 0.5427509293680297 0.03333333333333333 0.04460966542750929
0 0.9177777777777778 0.5446096654275092 0.026666666666666665 0.0483271375464684
0 0.8411111111111111 0.4144981412639405 0.024444444444444446 0.040892193308550186
0 0.8666666666666667 0.45724907063197023 0.026666666666666665 0.04460966542750929
0 0.7388888888888889 0.4535315985130111 0.024444444444444446 0.05204460966542751
