1 0.36333333333333334 0.2732342007434944 0.024444444444444446 0.040892193308550186
1 0.6155555555555555 0.23420074349442377 0.026666666666666665 0.04460966542750929
0 0.7422222222222222 0.5037174721189591 0.026666666666666665 0.0483271375464684
0 0.7111111111111111 0.5427509293680297 0.026666666666666665 0.04460966542750929
0 0.8922222222222222 0.5204460966542751 0.03777777777777778 0.07434944237918215
0 0.8288888888888889 0.5037174721189591 0.026666666666666665 0.0483271375464684
0 0.88 0.4535315985130111 0.03111111111111111 0.04460966542750929
0 0.13444444444444445 0.40892193308550184 0.024444444444444446 0.04460966542750929
0 0.16666666666666666 0.4479553903345725 0.026666666666666665 0.040892193308550186
0 0.23222222222222222 0.5353159851301115 0.051111111111111114 0.04460966542750929
0 0.08777777777777777 0.5204460966542751 0.028888888888888888 0.07434944237918215
0 0.1288888888888889 0.49814126394052044 0.022222222222222223 0.03717472118959107
0 0.45111111111111113 0.7992565055762081 0.03111111111111111 0.04460966542750929
0 0.7533333333333333 0.4535315985130111 0.026666666666666665 0.04460966542750929
