0 0.13666666666666666 0.8159851301115241 0.1711111111111111 0.17472118959107805
0 0.24666666666666667 0.8605947955390334 0.057777777777777775 0.07806691449814127
0 0.32222222222222224 0.8382899628252788 0.026666666666666665 0.0483271375464684
0 0.39666666666666667 0.8847583643122676 0.028888888888888888 0.04460966542750929
0 0.4866666666666667 0.3420074349442379 0.026666666666666665 0.04460966542750929
0 0.5 0.7546468401486989 0.026666666666666665 0.05204460966542751
0 0.5533333333333333 0.7527881040892193 0.026666666666666665 0.0483271375464684
0 0.5922222222222222 0.8568773234200743 0.028888888888888888 0.07806691449814127
0 0.64 0.8401486988847583 0.035555555555555556 0.04460966542750929
0 0.6944444444444444 0.8847583643122676 0.03333333333333333 0.04460966542750929
0 0.7944444444444444 0.8420074349442379 0.06444444444444444 0.0483271375464684
0 0.8011111111111111 0.7490706319702601 0.028888888888888888 0.0483271375464684
0 0.8455555555555555 0.7509293680297398 0.028888888888888888 0.04460966542750929
0 0.11888888888888889 0.395910780669145 0.028888888888888888 0.040892193308550186
