1 0.4588888888888889 0.6245353159851301 0.028888888888888888 0.04460966542750929
1 0.8655555555555555 0.4646840148698885 0.024444444444444446 0.05947955390334572
1 0.6477777777777778 0.6784386617100372 0.028888888888888888 0.040892193308550186
0 0.12111111111111111 0.5371747211895911 0.024444444444444446 0.0483271375464684
0 0.18666666666666668 0.5018587360594795 0.026666666666666665 0.04460966542750929
0 0.6933333333333334 0.4535315985130111 0.035555555555555556 0.04460966542750929
1 0.8122222222222222 0.4591078066914498 0.028888888888888888 0.055762081784386616
0 0.8444444444444444 0.4163568773234201 0.026666666666666665 0.05204460966542751
0 0.88 0.4163568773234201 0.026666666666666665 0.05947955390334572
0 0.8977777777777778 0.5 0.026666666666666665 0.040892193308550186
0 0.9188888888888889 0.5427509293680297 0.024444444444444446 0.04460966542750929
