0 0.13444444444444445 0.8215613382899628 0.1711111111111111 0.18587360594795538
0 0.2477777777777778 0.8643122676579925 0.05555555555555555 0.09293680297397769
0 0.3211111111111111 0.8401486988847583 0.028888888888888888 0.04460966542750929
0 0.39666666666666667 0.8810408921933085 0.028888888888888888 0.04460966542750929
0 0.49777777777777776 0.7509293680297398 0.022222222222222223 0.04460966542750929
0 0.5522222222222222 0.7490706319702601 0.028888888888888888 0.0483271375464684
0 0.5922222222222222 0.8605947955390334 0.03333333333333333 0.08550185873605948
0 0.4866666666666667 0.3420074349442379 0.03111111111111111 0.04460966542750929
0 0.6388888888888888 0.8401486988847583 0.03777777777777778 0.04460966542750929
0 0.6933333333333334 0.8828996282527881 0.026666666666666665 0.0483271375464684
0 0.7944444444444444 0.8401486988847583 0.06444444444444444 0.04460966542750929
0 0.8011111111111111 0.7490706319702601 0.024444444444444446 0.055762081784386616
0 0.8466666666666667 0.7527881040892193 0.026666666666666665 0.0483271375464684
0 0.07444444444444444 0.5724907063197026 0.028888888888888888 0.04460966542750929
