1 0.20777777777777778 0.35687732342007433 0.028888888888888888 0.04460966542750929
1 0.5744444444444444 0.2695167286245353 0.028888888888888888 0.040892193308550186
1 0.7766666666666666 0.362453531598513 0.028888888888888888 0.0483271375464684
1 0.39 0.46096654275092935 0.02 0.03717472118959107
0 0.5511111111111111 0.8382899628252788 0.026666666666666665 0.055762081784386616
0 0.5511111111111111 0.5799256505576208 0.026666666666666665 0.04460966542750929
0 0.5522222222222222 0.49256505576208176 0.028888888888888888 0.0483271375464684
0 0.7455555555555555 0.5799256505576208 0.024444444444444446 0.04460966542750929
0 0.3088888888888889 0.22676579925650556 0.39111111111111113 0.14126394052044608
0 0.5466666666666666 0.26765799256505574 0.026666666666666665 0.04460966542750929
0 0.04 0.2732342007434944 0.026666666666666665 0.0483271375464684
1 0.05 0.34014869888475835 0.09555555555555556 0.08550185873605948
