0 0.13666666666666666 0.8271375464684014 0.1711111111111111 0.1970260223048327
0 0.2477777777777778 0.862453531598513 0.05555555555555555 0.08921933085501858
0 0.3211111111111111 0.8401486988847583 0.028888888888888888 0.05204460966542751
0 0.3977777777777778 0.8847583643122676 0.026666666666666665 0.05204460966542751
0 0.4988888888888889 0.7546468401486989 0.028888888888888888 0.04460966542750929
0 0.5533333333333333 0.7527881040892193 0.026666666666666665 0.0483271375464684
0 0.5922222222222222 0.8605947955390334 0.028888888888888888 0.08550185873605948
0 0.6366666666666667 0.8364312267657992 0.03777777777777778 0.05204460966542751
0 0.6911111111111111 0.8847583643122676 0.026666666666666665 0.05204460966542751
0 0.7933333333333333 0.8401486988847583 0.06222222222222222 0.04460966542750929
0 0.8022222222222222 0.7472118959107806 0.026666666666666665 0.05204460966542751
0 0.8466666666666667 0.7490706319702601 0.026666666666666665 0.0483271375464684
0 0.4855555555555556 0.3420074349442379 0.024444444444444446 0.04460966542750929
0 0.11666666666666667 0.39219330855018586 0.028888888888888888 0.0483271375464684
0 0.07333333333333333 0.5687732342007434 0.026666666666666665 0.04460966542750929
