1 0.21888888888888888 0.35687732342007433 0.028888888888888888 0.05947955390334572
0 0.15777777777777777 0.7732342007434944 0.06666666666666667 0.08178438661710037
1 0.17444444444444446 0.8048327137546468 0.028888888888888888 0.055762081784386616
0 0.21555555555555556 0.8680297397769516 0.06666666666666667 0.09293680297397769
0 0.15777777777777777 0.8903345724907062 0.03111111111111111 0.055762081784386616
0 0.2922222222222222 0.7546468401486989 0.024444444444444446 0.04460966542750929
0 0.34444444444444444 0.7546468401486989 0.026666666666666665 0.05204460966542751
0 0.31666666666666665 0.8680297397769516 0.028888888888888888 0.09293680297397769
0 0.47 0.775092936802974 0.03333333333333333 0.08550185873605948
0 0.6044444444444445 0.7788104089219331 0.03111111111111111 0.09293680297397769
0 0.6122222222222222 0.8847583643122676 0.05555555555555555 0.05204460966542751
0 0.6322222222222222 0.8420074349442379 0.028888888888888888 0.0483271375464684
0 0.7144444444444444 0.8661710037174721 0.06 0.08921933085501858
0 0.7711111111111111 0.7527881040892193 0.026666666666666665 0.0483271375464684
0 0.8855555555555555 0.7565055762081784 0.11777777777777777 0.0483271375464684
0 0.8711111111111111 0.7992565055762081 0.035555555555555556 0.05204460966542751
0 0.8566666666666667 0.8866171003717471 0.024444444444444446 0.0483271375464684
0 0.8022222222222222 0.7973977695167286 0.022222222222222223 0.0483271375464684
