0 0.13444444444444445 0.4070631970260223 0.024444444444444446 0.040892193308550186
0 0.16666666666666666 0.45167286245353155 0.026666666666666665 0.040892193308550186
0 0.09 0.516728624535316 0.042222222222222223 0.08178438661710037
0 0.1288888888888889 0.4962825278810409 0.026666666666666665 0.0483271375464684
0 0.23222222222222222 0.533457249070632 0.051111111111111114 0.0483271375464684
0 0.45 0.7955390334572491 0.028888888888888888 0.04460966542750929
0 0.7088888888888889 0.5390334572490706 0.026666666666666665 0.04460966542750929
0 0.7366666666666667 0.49814126394052044 0.024444444444444446 0.03717472118959107
0 0.83 0.5018587360594795 0.024444444444444446 0.05204460966542751
0 0.8933333333333333 0.5204460966542751 0.04 0.07434944237918215
0 0.8811111111111111 0.4553903345724907 0.028888888888888888 0.055762081784386616
1 0.36333333333333334 0.2732342007434944 0.028888888888888888 0.0483271375464684
1 0.6188888888888889 0.23234200743494424 0.03333333333333333 0.0483271375464684
1 0.94 0.49814126394052044 0.022222222222222223 0.04460966542750929
