1 0.058888888888888886 0.36802973977695164 0.024444444444444446 0.05204460966542751
0 0.12 0.5408921933085502 0.026666666666666665 0.0483271375464684
0 0.18555555555555556 0.5 0.024444444444444446 0.040892193308550186
0 0.6944444444444444 0.45724907063197023 0.03333333333333333 0.04460966542750929
0 0.8444444444444444 0.4144981412639405 0.022222222222222223 0.0483271375464684
0 0.8733333333333333 0.43308550185873607 0.03111111111111111 0.07063197026022304
0 0.8966666666666666 0.5055762081784386 0.024444444444444446 0.03717472118959107
0 0.9222222222222223 0.5427509293680297 0.026666666666666665 0.03717472118959107
1 0.8122222222222222 0.4591078066914498 0.024444444444444446 0.0483271375464684
1 0.46111111111111114 0.6263940520446096 0.028888888888888888 0.040892193308550186
1 0.6477777777777778 0.6765799256505576 0.024444444444444446 0.04460966542750929
