1 0.4088888888888889 0.120817843866171 0.06666666666666667 0.06319702602230483
1 0.47555555555555556 0.120817843866171 0.026666666666666665 0.055762081784386616
1 0.7366666666666667 0.3531598513011152 0.03777777777777778 0.0966542750929368
0 0.4988888888888889 0.47769516728624534 0.024444444444444446 0.07806691449814127
0 0.16777777777777778 0.37732342007434944 0.028888888888888888 0.0483271375464684
0 0.35 0.3327137546468401 0.028888888888888888 0.0483271375464684
0 0.4077777777777778 0.37174721189591076 0.028888888888888888 0.04460966542750929
0 0.47333333333333333 0.3327137546468401 0.035555555555555556 0.0483271375464684
0 0.09 0.19888475836431227 0.024444444444444446 0.040892193308550186
0 0.013333333333333332 0.20260223048327136 0.022222222222222223 0.0483271375464684
