0 0.07111111111111111 0.48884758364312264 0.022222222222222223 0.0483271375464684
0 0.15444444444444444 0.5315985130111524 0.024444444444444446 0.04460966542750929
0 0.1688888888888889 0.4907063197026022 0.022222222222222223 0.04460966542750929
0 0.17666666666666667 0.40334572490706316 0.02 0.0483271375464684
0 0.27111111111111114 0.44423791821561337 0.026666666666666665 0.0483271375464684
0 0.3933333333333333 0.44052044609665425 0.022222222222222223 0.040892193308550186
0 0.42444444444444446 0.4052044609665427 0.026666666666666665 0.05204460966542751
0 0.5033333333333333 0.4386617100371747 0.051111111111111114 0.04460966542750929
0 0.5555555555555556 0.4219330855018587 0.035555555555555556 0.08550185873605948
0 0.7466666666666667 0.4014869888475836 0.057777777777777775 0.05204460966542751
0 0.8333333333333334 0.44052044609665425 0.04888888888888889 0.040892193308550186
0 0.9455555555555556 0.4163568773234201 0.03777777777777778 0.08921933085501858
0 0.9011111111111111 0.4423791821561338 0.024444444444444446 0.05204460966542751
0 0.9855555555555555 0.395910780669145 0.02 0.03345724907063197
