1 0.31222222222222223 0.3308550185873606 0.3977777777777778 0.26022304832713755
0 0.5311111111111111 0.8828996282527881 0.03111111111111111 0.0483271375464684
1 0.8044444444444444 0.7713754646840149 0.05333333333333333 0.09293680297397769
1 0.59 0.6672862453531598 0.028888888888888888 0.055762081784386616
1 0.7577777777777778 0.8438661710037174 0.026666666666666665 0.05204460966542751
1 0.8533333333333333 0.8401486988847583 0.026666666666666665 0.05204460966542751
1 0.2688888888888889 0.6858736059479553 0.3111111111111111 0.4423791821561338
1 0.6288888888888889 0.35687732342007433 0.07111111111111111 0.05204460966542751
1 0.7377777777777778 0.33457249070631967 0.04 0.08921933085501858
0 0.8055555555555556 0.6152416356877323 0.024444444444444446 0.0483271375464684
