0 0.07 0.241635687732342 0.03333333333333333 0.10408921933085502
0 0.07 0.5111524163568772 0.028888888888888888 0.09293680297397769
0 0.12222222222222222 0.4219330855018587 0.035555555555555556 0.09293680297397769
0 0.3688888888888889 0.27137546468401486 0.05333333333333333 0.05204460966542751
0 0.8311111111111111 0.22676579925650556 0.026666666666666665 0.05204460966542751
0 0.7811111111111111 0.2657992565055762 0.028888888888888888 0.0483271375464684
0 0.9322222222222222 0.241635687732342 0.03333333333333333 0.08921933085501858
0 0.9366666666666666 0.5092936802973977 0.028888888888888888 0.08921933085501858
0 0.75 0.49256505576208176 0.028888888888888888 0.0483271375464684
0 0.7988888888888889 0.5315985130111524 0.028888888888888888 0.05204460966542751
