0 0.07444444444444444 0.24721189591078066 0.028888888888888888 0.09293680297397769
0 0.07333333333333333 0.5148698884758364 0.035555555555555556 0.1003717472118959
0 0.12333333333333334 0.48884758364312264 0.028888888888888888 0.0483271375464684
0 0.1711111111111111 0.533457249070632 0.026666666666666665 0.0483271375464684
0 0.2733333333333333 0.22862453531598512 0.026666666666666665 0.0483271375464684
0 0.21666666666666667 0.2639405204460966 0.028888888888888888 0.05204460966542751
0 0.8966666666666666 0.22490706319702602 0.024444444444444446 0.0483271375464684
0 0.7244444444444444 0.3141263940520446 0.026666666666666665 0.0483271375464684
0 0.7133333333333334 0.5315985130111524 0.03111111111111111 0.04460966542750929
0 0.7933333333333333 0.533457249070632 0.026666666666666665 0.0483271375464684
0 0.9044444444444445 0.48884758364312264 0.026666666666666665 0.0483271375464684
0 0.9388888888888889 0.5055762081784386 0.028888888888888888 0.08178438661710037
0 0.94 0.22490706319702602 0.022222222222222223 0.055762081784386616
