0 0.07222222222222222 0.5055762081784386 0.03333333333333333 0.08921933085501858
0 0.06888888888888889 0.24721189591078066 0.03111111111111111 0.1003717472118959
0 0.2733333333333333 0.22304832713754646 0.026666666666666665 0.05204460966542751
0 0.21444444444444444 0.2657992565055762 0.028888888888888888 0.0483271375464684
0 0.11888888888888889 0.48884758364312264 0.024444444444444446 0.0483271375464684
0 0.1111111111111111 0.5762081784386617 0.026666666666666665 0.04460966542750929
0 0.1688888888888889 0.5278810408921932 0.026666666666666665 0.05204460966542751
0 0.7222222222222222 0.3178438661710037 0.026666666666666665 0.0483271375464684
0 0.8911111111111111 0.22862453531598512 0.026666666666666665 0.0483271375464684
0 0.9033333333333333 0.4944237918215613 0.024444444444444446 0.04460966542750929
0 0.9366666666666666 0.5130111524163569 0.028888888888888888 0.08178438661710037
0 0.7111111111111111 0.5315985130111524 0.026666666666666665 0.04460966542750929
0 0.7922222222222223 0.533457249070632 0.028888888888888888 0.0483271375464684
