0 0.12 0.4219330855018587 0.03111111111111111 0.08550185873605948
0 0.07222222222222222 0.5092936802973977 0.03777777777777778 0.08921933085501858
0 0.36666666666666664 0.26765799256505574 0.04888888888888889 0.05204460966542751
0 0.7822222222222223 0.26765799256505574 0.026666666666666665 0.04460966542750929
0 0.8311111111111111 0.23048327137546468 0.026666666666666665 0.04460966542750929
0 0.9277777777777778 0.2695167286245353 0.03777777777777778 0.055762081784386616
0 0.9355555555555556 0.5111524163568772 0.026666666666666665 0.1003717472118959
0 0.7966666666666666 0.5353159851301115 0.024444444444444446 0.04460966542750929
0 0.7488888888888889 0.49256505576208176 0.026666666666666665 0.055762081784386616
0 0.06777777777777778 0.24721189591078066 0.03333333333333333 0.09293680297397769
1 0.9688888888888889 0.4479553903345725 0.022222222222222223 0.055762081784386616
