0 0.18 0.5966542750929368 0.05333333333333333 0.08550185873605948
0 0.17666666666666667 0.6840148698884758 0.11777777777777777 0.08178438661710037
0 0.17888888888888888 0.7713754646840149 0.06444444444444444 0.07806691449814127
0 0.18 0.8550185873605948 0.1111111111111111 0.08178438661710037
0 0.41 0.33457249070631967 0.1 0.0966542750929368
0 0.5322222222222223 0.31226765799256506 0.024444444444444446 0.05204460966542751
0 0.4088888888888889 0.5074349442379182 0.10666666666666666 0.08550185873605948
0 0.4022222222222222 0.5947955390334572 0.044444444444444446 0.08921933085501858
0 0.4011111111111111 0.7732342007434944 0.07333333333333333 0.2527881040892193
0 0.6544444444444445 0.33457249070631967 0.07777777777777778 0.08178438661710037
0 0.6544444444444445 0.5185873605947955 0.042222222222222223 0.07806691449814127
0 0.6188888888888889 0.6059479553903345 0.03777777777777778 0.08178438661710037
0 0.6455555555555555 0.6914498141263941 0.08666666666666667 0.08178438661710037
0 0.6166666666666667 0.775092936802974 0.04666666666666667 0.07806691449814127
0 0.6455555555555555 0.8643122676579925 0.06888888888888889 0.09293680297397769
0 0.8311111111111111 0.7788104089219331 0.04888888888888889 0.07063197026022304
0 0.8366666666666667 0.6078066914498141 0.024444444444444446 0.08550185873605948
1 0.8166666666666667 0.5855018587360594 0.024444444444444446 0.055762081784386616
0 0.9766666666666667 0.34572490706319703 0.03333333333333333 0.0966542750929368
1 0.9244444444444444 0.34572490706319703 0.044444444444444446 0.08921933085501858
0 0.9711111111111111 0.5130111524163569 0.03111111111111111 0.08921933085501858
