0 0.18 0.6022304832713754 0.044444444444444446 0.08921933085501858
0 0.17555555555555555 0.6914498141263941 0.11555555555555555 0.07434944237918215
0 0.18 0.7732342007434944 0.06222222222222222 0.07434944237918215
0 0.18222222222222223 0.862453531598513 0.10666666666666666 0.07434944237918215
0 0.41 0.3308550185873606 0.09555555555555556 0.0966542750929368
0 0.4111111111111111 0.5111524163568772 0.08888888888888889 0.07806691449814127
0 0.4066666666666667 0.5966542750929368 0.04 0.08550185873605948
0 0.40444444444444444 0.7713754646840149 0.07111111111111111 0.2639405204460966
0 0.5322222222222223 0.31226765799256506 0.024444444444444446 0.04460966542750929
0 0.6577777777777778 0.32899628252788105 0.08888888888888889 0.08550185873605948
0 0.6577777777777778 0.5148698884758364 0.04888888888888889 0.08550185873605948
0 0.62 0.6022304832713754 0.035555555555555556 0.07434944237918215
0 0.6477777777777778 0.6840148698884758 0.08666666666666667 0.0966542750929368
0 0.6211111111111111 0.7695167286245352 0.051111111111111114 0.08178438661710037
0 0.65 0.8568773234200743 0.06888888888888889 0.08550185873605948
0 0.8344444444444444 0.6059479553903345 0.024444444444444446 0.06691449814126393
1 0.8188888888888889 0.5799256505576208 0.024444444444444446 0.05204460966542751
1 0.8288888888888889 0.7732342007434944 0.04888888888888889 0.07434944237918215
0 0.9777777777777777 0.3327137546468401 0.03111111111111111 0.08550185873605948
1 0.9233333333333333 0.33457249070631967 0.042222222222222223 0.08921933085501858
0 0.9711111111111111 0.5092936802973977 0.03111111111111111 0.08178438661710037
