0 0.2722222222222222 0.2211895910780669 0.024444444444444446 0.0483271375464684
0 0.21444444444444444 0.2620817843866171 0.028888888888888888 0.055762081784386616
0 0.11888888888888889 0.4869888475836431 0.024444444444444446 0.05204460966542751
0 0.1111111111111111 0.5743494423791822 0.026666666666666665 0.0483271375464684
0 0.16777777777777778 0.5278810408921932 0.024444444444444446 0.04460966542750929
0 0.7244444444444444 0.31226765799256506 0.026666666666666665 0.04460966542750929
0 0.8955555555555555 0.22490706319702602 0.03111111111111111 0.0483271375464684
0 0.7088888888888889 0.5278810408921932 0.026666666666666665 0.04460966542750929
0 0.7922222222222223 0.5315985130111524 0.028888888888888888 0.04460966542750929
0 0.9033333333333333 0.49256505576208176 0.028888888888888888 0.0483271375464684
0 0.07 0.23605947955390333 0.028888888888888888 0.1003717472118959
0 0.06888888888888889 0.5018587360594795 0.03111111111111111 0.08921933085501858
0 0.9377777777777778 0.5092936802973977 0.026666666666666665 0.08178438661710037
0 0.9388888888888889 0.2453531598513011 0.024444444444444446 0.0966542750929368
