1 0.3111111111111111 0.3308550185873606 0.38666666666666666 0.275092936802974
1 0.6511111111111111 0.241635687732342 0.21777777777777776 0.11152416356877323
1 0.7011111111111111 0.3327137546468401 0.34444444444444444 0.09293680297397769
1 0.7377777777777778 0.42007434944237915 0.13333333333333333 0.0966542750929368
1 0.32222222222222224 0.724907063197026 0.4177777777777778 0.3494423791821561
1 0.6944444444444444 0.6914498141263941 0.03333333333333333 0.08921933085501858
1 0.5733333333333334 0.8828996282527881 0.026666666666666665 0.0483271375464684
1 0.7855555555555556 0.7899628252788103 0.028888888888888888 0.055762081784386616
1 0.7933333333333333 0.8866171003717471 0.03111111111111111 0.0483271375464684
1 0.6044444444444445 0.7527881040892193 0.03111111111111111 0.0483271375464684
1 0.7722222222222223 0.6765799256505576 0.028888888888888888 0.04460966542750929
1 0.63 0.8420074349442379 0.03333333333333333 0.0483271375464684
