1 0.3188888888888889 0.2899628252788104 0.4111111111111111 0.18587360594795538
1 0.6233333333333333 0.35130111524163565 0.08666666666666667 0.055762081784386616
1 0.7111111111111111 0.2379182156133829 0.1688888888888889 0.0966542750929368
1 0.2811111111111111 0.6412639405204461 0.33111111111111113 0.5315985130111524
0 0.8111111111111111 0.6152416356877323 0.03111111111111111 0.0483271375464684
1 0.8111111111111111 0.7676579925650557 0.04888888888888889 0.07806691449814127
0 0.5344444444444444 0.879182156133829 0.024444444444444446 0.040892193308550186
1 0.7411111111111112 0.3066914498141264 0.028888888888888888 0.0483271375464684
1 0.8577777777777778 0.8401486988847583 0.026666666666666665 0.05204460966542751
0 0.33 0.8810408921933085 0.024444444444444446 0.04460966542750929
1 0.5022222222222222 0.48884758364312264 0.026666666666666665 0.040892193308550186
1 0.7044444444444444 0.7490706319702601 0.03111111111111111 0.055762081784386616
1 0.7077777777777777 0.4869888475836431 0.03333333333333333 0.04460966542750929
1 0.7722222222222223 0.3494423791821561 0.028888888888888888 0.05204460966542751
