1 0.4955555555555556 0.29182156133828996 0.8888888888888888 0.16728624535315983
1 0.2677777777777778 0.5520446096654275 0.44222222222222224 0.16728624535315983
1 0.7966666666666666 0.8903345724907062 0.024444444444444446 0.040892193308550186
1 0.7855555555555556 0.7936802973977695 0.028888888888888888 0.0483271375464684
1 0.7722222222222223 0.49256505576208176 0.028888888888888888 0.0483271375464684
1 0.15555555555555556 0.8587360594795539 0.04 0.08178438661710037
1 0.3933333333333333 0.8029739776951672 0.06222222222222222 0.05204460966542751
1 0.26666666666666666 0.7156133828996282 0.035555555555555556 0.055762081784386616
1 0.6966666666666667 0.6970260223048327 0.03333333333333333 0.09293680297397769
1 0.5811111111111111 0.8884758364312267 0.028888888888888888 0.04460966542750929
1 0.21666666666666667 0.4219330855018587 0.33555555555555555 0.10780669144981413
