0 0.27 0.23048327137546468 0.024444444444444446 0.05204460966542751
0 0.21444444444444444 0.26765799256505574 0.024444444444444446 0.04460966542750929
0 0.12 0.49256505576208176 0.022222222222222223 0.0483271375464684
0 0.1688888888888889 0.5315985130111524 0.022222222222222223 0.05204460966542751
0 0.1111111111111111 0.5780669144981412 0.022222222222222223 0.055762081784386616
0 0.7222222222222222 0.3141263940520446 0.022222222222222223 0.055762081784386616
0 0.7111111111111111 0.533457249070632 0.026666666666666665 0.0483271375464684
0 0.7911111111111111 0.533457249070632 0.022222222222222223 0.0483271375464684
0 0.06666666666666667 0.5055762081784386 0.03111111111111111 0.08921933085501858
0 0.07 0.24907063197026022 0.028888888888888888 0.08178438661710037
