1 0.3022222222222222 0.2788104089219331 0.38666666666666666 0.17843866171003717
1 0.6533333333333333 0.2379182156133829 0.18666666666666668 0.0966542750929368
1 0.7322222222222222 0.3252788104089219 0.15777777777777777 0.08550185873605948
1 0.2688888888888889 0.7026022304832713 0.3022222222222222 0.4014869888475836
1 0.6977777777777778 0.6840148698884758 0.04 0.08921933085501858
1 0.7866666666666666 0.7936802973977695 0.026666666666666665 0.0483271375464684
1 0.7833333333333333 0.879182156133829 0.024444444444444446 0.040892193308550186
1 0.7211111111111111 0.39962825278810404 0.028888888888888888 0.055762081784386616
1 0.7722222222222223 0.48884758364312264 0.024444444444444446 0.0483271375464684
1 0.5733333333333334 0.8828996282527881 0.026666666666666665 0.040892193308550186
1 0.77 0.6654275092936802 0.028888888888888888 0.04460966542750929
1 0.24444444444444444 0.4163568773234201 0.2577777777777778 0.0966542750929368
1 0.46444444444444444 0.8847583643122676 0.026666666666666665 0.05204460966542751
