1 0.28444444444444444 0.2899628252788104 0.3466666666666667 0.1933085501858736
1 0.5977777777777777 0.33457249070631967 0.04 0.07434944237918215
1 0.7055555555555556 0.2620817843866171 0.028888888888888888 0.0483271375464684
1 0.28 0.42007434944237915 0.07555555555555556 0.08178438661710037
1 0.28888888888888886 0.6840148698884758 0.3244444444444444 0.4535315985130111
0 0.53 0.8810408921933085 0.024444444444444446 0.04460966542750929
1 0.8088888888888889 0.7732342007434944 0.04888888888888889 0.08921933085501858
0 0.8044444444444444 0.6189591078066914 0.026666666666666665 0.055762081784386616
1 0.6433333333333333 0.3550185873605948 0.028888888888888888 0.0483271375464684
1 0.5866666666666667 0.6728624535315985 0.026666666666666665 0.04460966542750929
