0 0.11888888888888889 0.4163568773234201 0.028888888888888888 0.08178438661710037
0 0.36444444444444446 0.2620817843866171 0.04888888888888889 0.0483271375464684
0 0.78 0.2620817843866171 0.022222222222222223 0.0483271375464684
0 0.7466666666666667 0.48884758364312264 0.022222222222222223 0.0483271375464684
0 0.7955555555555556 0.5297397769516728 0.022222222222222223 0.0483271375464684
0 0.8288888888888889 0.22304832713754646 0.026666666666666665 0.05204460966542751
0 0.9266666666666666 0.24721189591078066 0.03111111111111111 0.09293680297397769
0 0.9333333333333333 0.5092936802973977 0.03111111111111111 0.08921933085501858
1 0.6411111111111111 0.22490706319702602 0.028888888888888888 0.055762081784386616
0 0.06444444444444444 0.23977695167286245 0.026666666666666665 0.08550185873605948
0 0.06333333333333334 0.5 0.03333333333333333 0.07063197026022304
