1 0.45111111111111113 0.29182156133828996 0.6844444444444444 0.1895910780669145
1 0.20444444444444446 0.46096654275092935 0.20444444444444446 0.18587360594795538
1 0.2822222222222222 0.7304832713754646 0.3333333333333333 0.3531598513011152
0 0.5311111111111111 0.8810408921933085 0.026666666666666665 0.04460966542750929
0 0.8077777777777778 0.6189591078066914 0.024444444444444446 0.0483271375464684
1 0.8088888888888889 0.7713754646840149 0.04 0.08550185873605948
1 0.43555555555555553 0.4907063197026022 0.03111111111111111 0.05204460966542751
1 0.71 0.7713754646840149 0.042222222222222223 0.09293680297397769
1 0.59 0.671003717472119 0.028888888888888888 0.0483271375464684
1 0.49444444444444446 0.8810408921933085 0.028888888888888888 0.04460966542750929
