1 0.28555555555555556 0.28810408921933084 0.35333333333333333 0.1895910780669145
1 0.22555555555555556 0.6394052044609665 0.24666666666666667 0.5353159851301115
1 0.6266666666666667 0.3531598513011152 0.08888888888888889 0.05204460966542751
1 0.7444444444444445 0.32899628252788105 0.06666666666666667 0.09293680297397769
1 0.49333333333333335 0.8847583643122676 0.035555555555555556 0.05204460966542751
0 0.5311111111111111 0.8866171003717471 0.03111111111111111 0.0483271375464684
0 0.8055555555555556 0.620817843866171 0.028888888888888888 0.04460966542750929
1 0.8044444444444444 0.758364312267658 0.04 0.05204460966542751
1 0.39444444444444443 0.7732342007434944 0.09111111111111111 0.26765799256505574
1 0.8544444444444445 0.8494423791821561 0.028888888888888888 0.055762081784386616
1 0.7488888888888889 0.8475836431226765 0.022222222222222223 0.04460966542750929
