1 0.3188235294117647 0.28252788104089216 0.3929411764705882 0.17100371747211895
1 0.22705882352941176 0.4628252788104089 0.2188235294117647 0.1895910780669145
1 0.3352941176470588 0.7267657992565055 0.4305882352941176 0.3531598513011152
0 0.5635294117647058 0.8810408921933085 0.025882352941176467 0.05204460966542751
0 0.8576470588235293 0.6133828996282528 0.025882352941176467 0.05204460966542751
1 0.7505882352941176 0.7713754646840149 0.047058823529411764 0.09293680297397769
1 0.8635294117647058 0.7639405204460966 0.051764705882352935 0.07806691449814127
1 0.908235294117647 0.8382899628252788 0.03294117647058823 0.0483271375464684
1 0.7505882352941176 0.3327137546468401 0.16941176470588235 0.08550185873605948
1 0.5788235294117646 0.7509293680297398 0.03294117647058823 0.05204460966542751
1 0.6235294117647058 0.8382899628252788 0.028235294117647056 0.0483271375464684
1 0.7494117647058823 0.48884758364312264 0.030588235294117645 0.0483271375464684
1 0.6247058823529411 0.30855018587360594 0.030588235294117645 0.04460966542750929
