1 0.2811111111111111 0.28810408921933084 0.45111111111111113 0.1970260223048327
1 0.23 0.6449814126394052 0.3711111111111111 0.5241635687732342
1 0.6955555555555556 0.6877323420074349 0.035555555555555556 0.08921933085501858
1 0.5733333333333334 0.8828996282527881 0.035555555555555556 0.055762081784386616
1 0.7866666666666666 0.7899628252788103 0.026666666666666665 0.055762081784386616
1 0.7822222222222223 0.8828996282527881 0.03111111111111111 0.0483271375464684
1 0.7222222222222222 0.33457249070631967 0.12 0.0966542750929368
1 0.6366666666666667 0.24349442379182154 0.15777777777777777 0.09293680297397769
1 0.7777777777777778 0.5092936802973977 0.044444444444444446 0.08921933085501858
1 0.63 0.8438661710037174 0.028888888888888888 0.05204460966542751
1 0.47444444444444445 0.4423791821561338 0.028888888888888888 0.05204460966542751
1 0.44666666666666666 0.6226765799256505 0.035555555555555556 0.055762081784386616
