0 0.2722222222222222 0.22490706319702602 0.02 0.0483271375464684
0 0.21333333333333332 0.2620817843866171 0.022222222222222223 0.0483271375464684
0 0.06666666666666667 0.5092936802973977 0.026666666666666665 0.08921933085501858
0 0.06888888888888889 0.2453531598513011 0.03111111111111111 0.0966542750929368
0 0.11666666666666667 0.4869888475836431 0.02 0.05204460966542751
0 0.11 0.5743494423791822 0.02 0.0483271375464684
0 0.16777777777777778 0.5297397769516728 0.02 0.0483271375464684
0 0.7211111111111111 0.31226765799256506 0.024444444444444446 0.05204460966542751
0 0.7088888888888889 0.5297397769516728 0.026666666666666665 0.040892193308550186
0 0.7911111111111111 0.5297397769516728 0.022222222222222223 0.0483271375464684
1 0.9088888888888889 0.2211895910780669 0.026666666666666665 0.0483271375464684
