0 0.2611111111111111 0.241635687732342 0.024444444444444446 0.05204460966542751
0 0.66 0.241635687732342 0.022222222222222223 0.04460966542750929
0 0.7388888888888889 0.5055762081784386 0.024444444444444446 0.04460966542750929
0 0.71 0.5427509293680297 0.02 0.03717472118959107
0 0.8333333333333334 0.5427509293680297 0.022222222222222223 0.05204460966542751
0 0.8755555555555555 0.483271375464684 0.026666666666666665 0.08921933085501858
0 0.8888888888888888 0.5464684014869888 0.022222222222222223 0.04460966542750929
0 0.4488888888888889 0.8048327137546468 0.026666666666666665 0.040892193308550186
0 0.25666666666666665 0.8884758364312267 0.024444444444444446 0.04460966542750929
0 0.2688888888888889 0.587360594795539 0.022222222222222223 0.04460966542750929
0 0.22111111111111112 0.5427509293680297 0.024444444444444446 0.04460966542750929
0 0.15666666666666668 0.5390334572490706 0.024444444444444446 0.04460966542750929
0 0.12333333333333334 0.5018587360594795 0.024444444444444446 0.04460966542750929
0 0.1688888888888889 0.45167286245353155 0.022222222222222223 0.040892193308550186
0 0.12777777777777777 0.4144981412639405 0.028888888888888888 0.0483271375464684
1 0.36666666666666664 0.2788104089219331 0.022222222222222223 0.04460966542750929
1 0.9466666666666667 0.27137546468401486 0.022222222222222223 0.04460966542750929
1 0.9444444444444444 0.8568773234200743 0.026666666666666665 0.0483271375464684
