1 0.2822222222222222 0.2862453531598513 0.4622222222222222 0.1933085501858736
1 0.2911111111111111 0.6394052044609665 0.40444444444444444 0.5353159851301115
1 0.6911111111111111 0.26765799256505574 0.03111111111111111 0.04460966542750929
1 0.6977777777777778 0.35687732342007433 0.026666666666666665 0.05204460966542751
1 0.7 0.6914498141263941 0.044444444444444446 0.0966542750929368
1 0.5722222222222222 0.8828996282527881 0.028888888888888888 0.0483271375464684
1 0.7866666666666666 0.79182156133829 0.026666666666666665 0.05204460966542751
1 0.7955555555555556 0.8847583643122676 0.022222222222222223 0.04460966542750929
1 0.8511111111111112 0.3141263940520446 0.026666666666666665 0.0483271375464684
1 0.77 0.49256505576208176 0.028888888888888888 0.0483271375464684
1 0.57 0.22304832713754646 0.028888888888888888 0.05204460966542751
1 0.6577777777777778 0.7546468401486989 0.026666666666666665 0.04460966542750929
1 0.8188888888888889 0.7546468401486989 0.028888888888888888 0.05204460966542751
