1 0.3070588235294117 0.28810408921933084 0.36941176470588233 0.1895910780669145
1 0.23058823529411762 0.42379182156133827 0.18823529411764706 0.10408921933085502
1 0.27058823529411763 0.6914498141263941 0.30588235294117644 0.44609665427509293
1 0.7458823529411764 0.7509293680297398 0.03764705882352941 0.04460966542750929
1 0.5423529411764706 0.8810408921933085 0.07294117647058823 0.05204460966542751
1 0.8588235294117647 0.7695167286245352 0.06117647058823529 0.08921933085501858
0 0.8564705882352941 0.6133828996282528 0.03294117647058823 0.05204460966542751
1 0.6235294117647058 0.3327137546468401 0.047058823529411764 0.09293680297397769
1 0.828235294117647 0.23977695167286245 0.03294117647058823 0.08550185873605948
1 0.45764705882352935 0.8401486988847583 0.03529411764705882 0.04460966542750929
1 0.6870588235294117 0.3494423791821561 0.03294117647058823 0.05204460966542751
1 0.48 0.7509293680297398 0.03294117647058823 0.05204460966542751
