1 0.29777777777777775 0.2862453531598513 0.38222222222222224 0.1933085501858736
1 0.28444444444444444 0.7304832713754646 0.3333333333333333 0.36059479553903345
1 0.6955555555555556 0.6858736059479553 0.035555555555555556 0.1003717472118959
1 0.7866666666666666 0.7899628252788103 0.022222222222222223 0.0483271375464684
1 0.7855555555555556 0.8810408921933085 0.024444444444444446 0.04460966542750929
1 0.6911111111111111 0.2620817843866171 0.026666666666666665 0.0483271375464684
1 0.7 0.3531598513011152 0.04 0.05204460966542751
1 0.5711111111111111 0.8828996282527881 0.03111111111111111 0.0483271375464684
1 0.6166666666666667 0.7118959107806692 0.028888888888888888 0.0483271375464684
1 0.37555555555555553 0.533457249070632 0.026666666666666665 0.055762081784386616
1 0.6011111111111112 0.23977695167286245 0.08222222222222222 0.09293680297397769
1 0.6322222222222222 0.8438661710037174 0.028888888888888888 0.05204460966542751
1 0.49 0.7546468401486989 0.028888888888888888 0.05204460966542751
1 0.4766666666666667 0.4423791821561338 0.028888888888888888 0.05204460966542751
