1 0.3111111111111111 0.2899628252788104 0.4088888888888889 0.18587360594795538
1 0.2788888888888889 0.6821561338289962 0.34 0.44981412639405205
1 0.6933333333333334 0.6914498141263941 0.035555555555555556 0.0966542750929368
1 0.7855555555555556 0.7955390334572491 0.028888888888888888 0.04460966542750929
1 0.7911111111111111 0.8828996282527881 0.04 0.0483271375464684
1 0.63 0.8438661710037174 0.028888888888888888 0.05204460966542751
1 0.6977777777777778 0.3587360594795539 0.026666666666666665 0.0483271375464684
1 0.5722222222222222 0.8866171003717471 0.028888888888888888 0.055762081784386616
1 0.49 0.7527881040892193 0.028888888888888888 0.0483271375464684
1 0.7666666666666667 0.3531598513011152 0.026666666666666665 0.04460966542750929
1 0.6844444444444444 0.7565055762081784 0.026666666666666665 0.040892193308550186
1 0.6322222222222222 0.2453531598513011 0.16666666666666666 0.0966542750929368
