1 0.3011111111111111 0.2862453531598513 0.3711111111111111 0.17843866171003717
1 0.23777777777777778 0.4163568773234201 0.22666666666666666 0.08921933085501858
1 0.2911111111111111 0.6802973977695167 0.3422222222222222 0.42379182156133827
1 0.49666666666666665 0.8828996282527881 0.03333333333333333 0.0483271375464684
0 0.5333333333333333 0.8810408921933085 0.026666666666666665 0.04460966542750929
0 0.8088888888888889 0.6152416356877323 0.026666666666666665 0.0483271375464684
1 0.8133333333333334 0.7676579925650557 0.044444444444444446 0.08550185873605948
1 0.7611111111111111 0.3271375464684015 0.06444444444444444 0.0966542750929368
1 0.5955555555555555 0.33457249070631967 0.04888888888888889 0.08921933085501858
1 0.6477777777777778 0.35130111524163565 0.03777777777777778 0.055762081784386616
1 0.7177777777777777 0.7713754646840149 0.03111111111111111 0.09293680297397769
