1 0.31777777777777777 0.2843866171003717 0.39555555555555555 0.1895910780669145
1 0.2877777777777778 0.39776951672862454 0.11777777777777777 0.05204460966542751
1 0.2877777777777778 0.7044609665427509 0.32666666666666666 0.39776951672862454
1 0.7122222222222222 0.3754646840148699 0.042222222222222223 0.10408921933085502
1 0.6955555555555556 0.6840148698884758 0.03111111111111111 0.0966542750929368
1 0.7888888888888889 0.7881040892193308 0.026666666666666665 0.05204460966542751
1 0.6322222222222222 0.8587360594795539 0.03333333333333333 0.08178438661710037
1 0.7866666666666666 0.8754646840148699 0.03111111111111111 0.0483271375464684
1 0.5588888888888889 0.8810408921933085 0.06888888888888889 0.05204460966542751
1 0.7855555555555556 0.5037174721189591 0.028888888888888888 0.09293680297397769
1 0.6055555555555555 0.7453531598513011 0.028888888888888888 0.0483271375464684
1 0.5088888888888888 0.6672862453531598 0.026666666666666665 0.0483271375464684
1 0.7733333333333333 0.6654275092936802 0.026666666666666665 0.04460966542750929
