0 0.27444444444444444 0.22304832713754646 0.028888888888888888 0.05204460966542751
0 0.21222222222222223 0.2620817843866171 0.02 0.0483271375464684
0 0.11888888888888889 0.4851301115241635 0.024444444444444446 0.0483271375464684
0 0.16555555555555557 0.5260223048327137 0.015555555555555555 0.0483271375464684
0 0.11 0.5724907063197026 0.024444444444444446 0.05204460966542751
0 0.8911111111111111 0.2211895910780669 0.026666666666666665 0.055762081784386616
0 0.8988888888888888 0.48884758364312264 0.024444444444444446 0.055762081784386616
0 0.79 0.5315985130111524 0.028888888888888888 0.05204460966542751
0 0.7066666666666667 0.5278810408921932 0.026666666666666665 0.04460966542750929
0 0.7233333333333334 0.3104089219330855 0.024444444444444446 0.055762081784386616
0 0.06555555555555556 0.24349442379182154 0.03333333333333333 0.1003717472118959
0 0.06888888888888889 0.5055762081784386 0.03111111111111111 0.10408921933085502
0 0.9355555555555556 0.5055762081784386 0.03111111111111111 0.08921933085501858
0 0.9355555555555556 0.2379182156133829 0.022222222222222223 0.08921933085501858
