1 0.29888888888888887 0.29182156133828996 0.35333333333333333 0.1895910780669145
1 0.5911111111111111 0.3066914498141264 0.05333333333333333 0.137546468401487
1 0.6433333333333333 0.3550185873605948 0.028888888888888888 0.0483271375464684
1 0.7833333333333333 0.3531598513011152 0.028888888888888888 0.04460966542750929
1 0.22333333333333333 0.7286245353159851 0.18888888888888888 0.3643122676579926
0 0.53 0.8810408921933085 0.024444444444444446 0.04460966542750929
1 0.8111111111111111 0.7732342007434944 0.04888888888888889 0.08921933085501858
0 0.8066666666666666 0.6171003717472119 0.03111111111111111 0.05204460966542751
1 0.7044444444444444 0.4907063197026022 0.035555555555555556 0.04460966542750929
1 0.22777777777777777 0.4628252788104089 0.19777777777777777 0.16728624535315983
1 0.3877777777777778 0.8401486988847583 0.028888888888888888 0.04460966542750929
1 0.8533333333333333 0.8438661710037174 0.026666666666666665 0.05204460966542751
