1 0.3088888888888889 0.2899628252788104 0.4088888888888889 0.1933085501858736
1 0.2911111111111111 0.724907063197026 0.3111111111111111 0.35687732342007433
1 0.6855555555555556 0.258364312267658 0.03333333333333333 0.040892193308550186
1 0.6977777777777778 0.35687732342007433 0.035555555555555556 0.04460966542750929
1 0.7855555555555556 0.7955390334572491 0.028888888888888888 0.05204460966542751
1 0.6944444444444444 0.6895910780669144 0.03333333333333333 0.1003717472118959
1 0.7844444444444444 0.8810408921933085 0.026666666666666665 0.04460966542750929
1 0.57 0.8828996282527881 0.028888888888888888 0.0483271375464684
1 0.7733333333333333 0.33457249070631967 0.06666666666666667 0.08921933085501858
1 0.47555555555555556 0.44423791821561337 0.03111111111111111 0.0483271375464684
1 0.77 0.4907063197026022 0.028888888888888888 0.04460966542750929
1 0.5166666666666667 0.7713754646840149 0.03333333333333333 0.08550185873605948
