1 0.3022222222222222 0.32899628252788105 0.38222222222222224 0.2639405204460966
1 0.32555555555555554 0.6840148698884758 0.43777777777777777 0.4535315985130111
1 0.7877777777777778 0.7843866171003717 0.028888888888888888 0.05204460966542751
1 0.63 0.8382899628252788 0.03333333333333333 0.055762081784386616
1 0.5733333333333334 0.8773234200743494 0.03111111111111111 0.04460966542750929
1 0.6988888888888889 0.35130111524163565 0.028888888888888888 0.0483271375464684
1 0.6955555555555556 0.6858736059479553 0.026666666666666665 0.09293680297397769
1 0.6677777777777778 0.7490706319702601 0.04666666666666667 0.055762081784386616
1 0.7877777777777778 0.879182156133829 0.028888888888888888 0.0483271375464684
1 0.7733333333333333 0.483271375464684 0.026666666666666665 0.04460966542750929
1 0.72 0.3940520446096654 0.026666666666666665 0.05204460966542751
1 0.8211111111111111 0.7490706319702601 0.028888888888888888 0.0483271375464684
