1 0.2911111111111111 0.3159851301115241 0.4488888888888889 0.275092936802974
1 0.22666666666666666 0.6821561338289962 0.31555555555555553 0.4423791821561338
1 0.6955555555555556 0.7026022304832713 0.035555555555555556 0.13382899628252787
1 0.63 0.8382899628252788 0.03333333333333333 0.0483271375464684
1 0.7311111111111112 0.30297397769516726 0.13777777777777778 0.1449814126394052
1 0.7733333333333333 0.6635687732342007 0.03111111111111111 0.055762081784386616
1 0.7755555555555556 0.7862453531598512 0.026666666666666665 0.0483271375464684
1 0.7722222222222223 0.4851301115241635 0.028888888888888888 0.0483271375464684
1 0.5488888888888889 0.8810408921933085 0.07555555555555556 0.05204460966542751
1 0.8188888888888889 0.7509293680297398 0.028888888888888888 0.04460966542750929
1 0.45222222222222225 0.5947955390334572 0.03333333333333333 0.0966542750929368
1 0.4166666666666667 0.7881040892193308 0.028888888888888888 0.04460966542750929
1 0.7188888888888889 0.39776951672862454 0.028888888888888888 0.05204460966542751
1 0.4677777777777778 0.8847583643122676 0.028888888888888888 0.05204460966542751
1 0.4911111111111111 0.7527881040892193 0.026666666666666665 0.0483271375464684
1 0.4866666666666667 0.5111524163568772 0.026666666666666665 0.08550185873605948
1 0.5166666666666667 0.7657992565055761 0.028888888888888888 0.08921933085501858
