1 0.31666666666666665 0.2899628252788104 0.4111111111111111 0.18587360594795538
1 0.27111111111111114 0.5929368029739777 0.3111111111111111 0.4646840148698885
1 0.3111111111111111 0.8605947955390334 0.035555555555555556 0.07806691449814127
1 0.16 0.8420074349442379 0.035555555555555556 0.055762081784386616
1 0.6988888888888889 0.6895910780669144 0.03777777777777778 0.08550185873605948
1 0.7855555555555556 0.7936802973977695 0.028888888888888888 0.055762081784386616
1 0.48777777777777775 0.5074349442379182 0.03333333333333333 0.08550185873605948
1 0.6977777777777778 0.3587360594795539 0.03111111111111111 0.055762081784386616
1 0.7833333333333333 0.8847583643122676 0.03333333333333333 0.05204460966542751
1 0.5733333333333334 0.8884758364312267 0.03111111111111111 0.05204460966542751
1 0.7688888888888888 0.49256505576208176 0.03111111111111111 0.0483271375464684
1 0.8166666666666667 0.7546468401486989 0.028888888888888888 0.04460966542750929
1 0.44555555555555554 0.5817843866171003 0.028888888888888888 0.0483271375464684
1 0.6311111111111111 0.845724907063197 0.03111111111111111 0.0483271375464684
