1 0.30777777777777776 0.3308550185873606 0.3977777777777778 0.2527881040892193
1 0.31333333333333335 0.6840148698884758 0.4088888888888889 0.44609665427509293
1 0.64 0.24349442379182154 0.19111111111111112 0.1003717472118959
1 0.7033333333333334 0.3550185873605948 0.028888888888888888 0.0483271375464684
1 0.6944444444444444 0.6914498141263941 0.03333333333333333 0.08921933085501858
1 0.5755555555555556 0.8847583643122676 0.026666666666666665 0.04460966542750929
1 0.7866666666666666 0.7955390334572491 0.026666666666666665 0.04460966542750929
1 0.7844444444444444 0.8866171003717471 0.022222222222222223 0.040892193308550186
1 0.7833333333333333 0.533457249070632 0.028888888888888888 0.040892193308550186
1 0.7688888888888888 0.6895910780669144 0.035555555555555556 0.08550185873605948
1 0.6311111111111111 0.845724907063197 0.03111111111111111 0.055762081784386616
