0 0.27111111111111114 0.22490706319702602 0.022222222222222223 0.0483271375464684
0 0.21333333333333332 0.26022304832713755 0.022222222222222223 0.04460966542750929
0 0.11888888888888889 0.4869888475836431 0.024444444444444446 0.04460966542750929
0 0.16777777777777778 0.5241635687732342 0.024444444444444446 0.05204460966542751
0 0.11 0.5724907063197026 0.024444444444444446 0.04460966542750929
0 0.7211111111111111 0.31226765799256506 0.024444444444444446 0.04460966542750929
0 0.7088888888888889 0.5297397769516728 0.026666666666666665 0.0483271375464684
0 0.79 0.5297397769516728 0.024444444444444446 0.0483271375464684
0 0.8911111111111111 0.22304832713754646 0.026666666666666665 0.05204460966542751
0 0.8977777777777778 0.48884758364312264 0.026666666666666665 0.0483271375464684
0 0.9333333333333333 0.5092936802973977 0.03111111111111111 0.08921933085501858
0 0.9366666666666666 0.23977695167286245 0.024444444444444446 0.08550185873605948
0 0.06777777777777778 0.5037174721189591 0.028888888888888888 0.09293680297397769
0 0.06555555555555556 0.24349442379182154 0.028888888888888888 0.08550185873605948
