1 0.2877777777777778 0.5539033457249071 0.34 0.7137546468401487
1 0.5922222222222222 0.33457249070631967 0.042222222222222223 0.08178438661710037
1 0.6388888888888888 0.36059479553903345 0.03333333333333333 0.05947955390334572
1 0.7533333333333333 0.33643122676579923 0.044444444444444446 0.08550185873605948
1 0.6966666666666667 0.4944237918215613 0.02 0.05204460966542751
1 0.8133333333333334 0.7788104089219331 0.035555555555555556 0.08550185873605948
0 0.53 0.8866171003717471 0.024444444444444446 0.0483271375464684
0 0.8044444444444444 0.6226765799256505 0.026666666666666665 0.0483271375464684
0 0.25555555555555554 0.7992565055762081 0.03111111111111111 0.04460966542750929
0 0.32555555555555554 0.8884758364312267 0.024444444444444446 0.04460966542750929
0 0.18888888888888888 0.3159851301115241 0.022222222222222223 0.04460966542750929
