1 0.30235294117647055 0.2862453531598513 0.36470588235294116 0.17843866171003717
1 0.2552941176470588 0.6356877323420074 0.27058823529411763 0.5353159851301115
0 0.2717647058823529 0.79182156133829 0.030588235294117645 0.04460966542750929
0 0.34823529411764703 0.8847583643122676 0.028235294117647056 0.04460966542750929
0 0.5635294117647058 0.8810408921933085 0.030588235294117645 0.04460966542750929
0 0.8576470588235293 0.620817843866171 0.030588235294117645 0.05947955390334572
1 0.4341176470588235 0.8327137546468402 0.0776470588235294 0.13382899628252787
1 0.8588235294117647 0.7676579925650557 0.051764705882352935 0.08550185873605948
1 0.5235294117647058 0.8828996282527881 0.030588235294117645 0.0483271375464684
1 0.6247058823529411 0.32899628252788105 0.04470588235294117 0.09293680297397769
1 0.7988235294117646 0.32899628252788105 0.04470588235294117 0.07806691449814127
1 0.748235294117647 0.4907063197026022 0.028235294117647056 0.05204460966542751
1 0.5199999999999999 0.5092936802973977 0.042352941176470586 0.08178438661710037
1 0.6811764705882353 0.3494423791821561 0.030588235294117645 0.05204460966542751
0 0.2011764705882353 0.3141263940520446 0.025882352941176467 0.0483271375464684
