1 0.24444444444444444 0.24349442379182154 0.04 0.09293680297397769
1 0.4033333333333333 0.2657992565055762 0.028888888888888888 0.0483271375464684
1 0.5255555555555556 0.3494423791821561 0.028888888888888888 0.04460966542750929
1 0.6922222222222222 0.22490706319702602 0.028888888888888888 0.055762081784386616
1 0.95 0.36802973977695164 0.1 0.37174721189591076
0 0.09888888888888889 0.39962825278810404 0.028888888888888888 0.0483271375464684
0 0.18888888888888888 0.7063197026022304 0.026666666666666665 0.04460966542750929
0 0.18444444444444444 0.8382899628252788 0.026666666666666665 0.0483271375464684
1 0.5822222222222222 0.2657992565055762 0.03111111111111111 0.0483271375464684
1 0.96 0.6449814126394052 0.08 0.09293680297397769
1 0.9533333333333334 0.7992565055762081 0.026666666666666665 0.05204460966542751
1 0.95 0.8643122676579925 0.028888888888888888 0.09293680297397769
