1 0.2777777777777778 0.33643122676579923 0.4444444444444444 0.2788104089219331
0 0.2966666666666667 0.8903345724907062 0.024444444444444446 0.0483271375464684
0 0.16666666666666666 0.620817843866171 0.026666666666666665 0.04460966542750929
0 0.6344444444444445 0.36059479553903345 0.028888888888888888 0.05204460966542751
0 0.6944444444444444 0.22490706319702602 0.024444444444444446 0.040892193308550186
0 0.8277777777777777 0.22676579925650556 0.024444444444444446 0.05204460966542751
0 0.7322222222222222 0.22862453531598512 0.024444444444444446 0.0483271375464684
1 0.2866666666666667 0.7026022304832713 0.4533333333333333 0.4386617100371747
1 0.6944444444444444 0.6914498141263941 0.03333333333333333 0.08921933085501858
1 0.7866666666666666 0.7955390334572491 0.026666666666666665 0.04460966542750929
1 0.6311111111111111 0.8420074349442379 0.026666666666666665 0.0483271375464684
1 0.6988888888888889 0.3587360594795539 0.028888888888888888 0.055762081784386616
