1 0.2477777777777778 0.24721189591078066 0.03777777777777778 0.09293680297397769
1 0.4066666666666667 0.2695167286245353 0.026666666666666665 0.0483271375464684
1 0.5211111111111111 0.35687732342007433 0.028888888888888888 0.05204460966542751
1 0.9488888888888889 0.3308550185873606 0.10222222222222223 0.26765799256505574
0 0.09888888888888889 0.40334572490706316 0.028888888888888888 0.0483271375464684
0 0.1922222222222222 0.7100371747211895 0.028888888888888888 0.05204460966542751
0 0.18777777777777777 0.845724907063197 0.028888888888888888 0.0483271375464684
1 0.5844444444444444 0.26765799256505574 0.026666666666666665 0.05204460966542751
1 0.9344444444444444 0.6171003717472119 0.03333333333333333 0.04460966542750929
1 0.9855555555555555 0.7118959107806692 0.028888888888888888 0.21933085501858735
