1 0.2917647058823529 0.32899628252788105 0.4705882352941176 0.25650557620817843
1 0.2776470588235294 0.7100371747211895 0.44705882352941173 0.40892193308550184
1 0.7376470588235293 0.6895910780669144 0.039999999999999994 0.09293680297397769
1 0.7188235294117646 0.26022304832713755 0.030588235294117645 0.04460966542750929
1 0.7376470588235293 0.4182156133828996 0.06823529411764705 0.09293680297397769
1 0.6070588235294118 0.879182156133829 0.028235294117647056 0.0483271375464684
1 0.8329411764705882 0.7881040892193308 0.028235294117647056 0.05204460966542751
1 0.8305882352941176 0.8810408921933085 0.03294117647058823 0.04460966542750929
0 0.7364705882352941 0.2211895910780669 0.028235294117647056 0.0483271375464684
0 0.6717647058823529 0.3494423791821561 0.030588235294117645 0.04460966542750929
0 0.7752941176470588 0.21933085501858735 0.030588235294117645 0.04460966542750929
0 0.8752941176470588 0.21933085501858735 0.028235294117647056 0.04460966542750929
0 0.1752941176470588 0.6171003717472119 0.030588235294117645 0.04460966542750929
0 0.3164705882352941 0.8847583643122676 0.030588235294117645 0.05204460966542751
1 0.8188235294117646 0.4869888475836431 0.028235294117647056 0.05204460966542751
1 0.82 0.6672862453531598 0.030588235294117645 0.055762081784386616
