1 0.3 0.3271375464684015 0.4164705882352941 0.26022304832713755
1 0.30588235294117644 0.6858736059479553 0.4517647058823529 0.4423791821561338
1 0.6847058823529412 0.35130111524163565 0.028235294117647056 0.0483271375464684
1 0.8599999999999999 0.7695167286245352 0.04470588235294117 0.08178438661710037
0 0.2717647058823529 0.7955390334572491 0.025882352941176467 0.04460966542750929
0 0.34705882352941175 0.8847583643122676 0.025882352941176467 0.05204460966542751
0 0.5623529411764705 0.8810408921933085 0.028235294117647056 0.04460966542750929
0 0.8541176470588234 0.6152416356877323 0.028235294117647056 0.040892193308550186
1 0.5776470588235294 0.7490706319702601 0.03529411764705882 0.0483271375464684
0 0.19999999999999998 0.3104089219330855 0.028235294117647056 0.0483271375464684
1 0.7458823529411764 0.7453531598513011 0.028235294117647056 0.0483271375464684
1 0.6235294117647058 0.3271375464684015 0.03764705882352941 0.08921933085501858
0 0.10352941176470587 0.6152416356877323 0.028235294117647056 0.0483271375464684
