0 0.27555555555555555 0.32899628252788105 0.3466666666666667 0.2639405204460966
0 0.6133333333333333 0.33643122676579923 0.08444444444444445 0.08550185873605948
0 0.7388888888888889 0.3141263940520446 0.028888888888888888 0.055762081784386616
0 0.8111111111111111 0.7713754646840149 0.04888888888888889 0.08550185873605948
0 0.26666666666666666 0.6877323420074349 0.36444444444444446 0.4535315985130111
1 0.32666666666666666 0.8810408921933085 0.026666666666666665 0.04460966542750929
1 0.53 0.8847583643122676 0.028888888888888888 0.05204460966542751
1 0.8055555555555556 0.6189591078066914 0.03333333333333333 0.0483271375464684
1 0.18777777777777777 0.30855018587360594 0.028888888888888888 0.04460966542750929
0 0.8544444444444445 0.8438661710037174 0.024444444444444446 0.04460966542750929
