1 0.24444444444444444 0.22676579925650556 0.04 0.05204460966542751
1 0.4066666666666667 0.2657992565055762 0.03111111111111111 0.040892193308550186
1 0.5211111111111111 0.35687732342007433 0.028888888888888888 0.04460966542750929
1 0.6922222222222222 0.22676579925650556 0.028888888888888888 0.05204460966542751
1 0.5833333333333334 0.27137546468401486 0.028888888888888888 0.05204460966542751
1 0.9777777777777777 0.28810408921933084 0.044444444444444446 0.16728624535315983
1 0.7766666666666666 0.2657992565055762 0.024444444444444446 0.0483271375464684
0 0.09666666666666666 0.4014869888475836 0.028888888888888888 0.05204460966542751
0 0.18888888888888888 0.7118959107806692 0.026666666666666665 0.040892193308550186
0 0.18444444444444444 0.8420074349442379 0.026666666666666665 0.055762081784386616
1 0.9777777777777777 0.6263940520446096 0.044444444444444446 0.21933085501858735
