1 0.3111111111111111 0.39776951672862454 0.39111111111111113 0.3940520446096654
0 0.16555555555555557 0.620817843866171 0.024444444444444446 0.04460966542750929
1 0.3788888888888889 0.6263940520446096 0.028888888888888888 0.0483271375464684
1 0.2911111111111111 0.7973977695167286 0.3022222222222222 0.23420074349442377
0 0.2966666666666667 0.8903345724907062 0.024444444444444446 0.040892193308550186
0 0.6355555555555555 0.36059479553903345 0.026666666666666665 0.04460966542750929
0 0.6933333333333334 0.23048327137546468 0.026666666666666665 0.05204460966542751
0 0.73 0.22676579925650556 0.024444444444444446 0.05204460966542751
0 0.8266666666666667 0.23234200743494424 0.022222222222222223 0.0483271375464684
1 0.6955555555555556 0.6951672862453532 0.03111111111111111 0.08921933085501858
1 0.7866666666666666 0.7973977695167286 0.026666666666666665 0.055762081784386616
1 0.7833333333333333 0.8847583643122676 0.028888888888888888 0.04460966542750929
1 0.6966666666666667 0.36059479553903345 0.028888888888888888 0.05204460966542751
1 0.7711111111111111 0.4962825278810409 0.03111111111111111 0.055762081784386616
1 0.5733333333333334 0.8884758364312267 0.026666666666666665 0.04460966542750929
