1 0.3164705882352941 0.4219330855018587 0.4023529411764706 0.4423791821561338
1 0.30823529411764705 0.7973977695167286 0.36235294117647054 0.21933085501858735
0 0.1776470588235294 0.620817843866171 0.030588235294117645 0.05204460966542751
0 0.3188235294117647 0.8903345724907062 0.030588235294117645 0.0483271375464684
0 0.7364705882352941 0.22304832713754646 0.028235294117647056 0.05204460966542751
0 0.776470588235294 0.22490706319702602 0.028235294117647056 0.0483271375464684
0 0.8776470588235293 0.22304832713754646 0.023529411764705882 0.04460966542750929
0 0.6741176470588235 0.35687732342007433 0.025882352941176467 0.04460966542750929
1 0.8364705882352941 0.79182156133829 0.030588235294117645 0.05204460966542751
1 0.608235294117647 0.8828996282527881 0.025882352941176467 0.0483271375464684
1 0.7399999999999999 0.6914498141263941 0.03529411764705882 0.08921933085501858
1 0.6929411764705882 0.7527881040892193 0.025882352941176467 0.040892193308550186
1 0.7399999999999999 0.35687732342007433 0.025882352941176467 0.04460966542750929
1 0.8211764705882352 0.49256505576208176 0.028235294117647056 0.0483271375464684
1 0.8341176470588234 0.8847583643122676 0.030588235294117645 0.04460966542750929
