0 0.06555555555555556 0.241635687732342 0.028888888888888888 0.08921933085501858
0 0.06666666666666667 0.5055762081784386 0.03111111111111111 0.0966542750929368
0 0.11777777777777777 0.4869888475836431 0.022222222222222223 0.05204460966542751
0 0.16444444444444445 0.5278810408921932 0.022222222222222223 0.05204460966542751
0 0.11 0.5762081784386617 0.024444444444444446 0.04460966542750929
0 0.21333333333333332 0.2620817843866171 0.022222222222222223 0.0483271375464684
0 0.2722222222222222 0.22490706319702602 0.024444444444444446 0.0483271375464684
0 0.7211111111111111 0.3141263940520446 0.02 0.0483271375464684
0 0.7088888888888889 0.5315985130111524 0.022222222222222223 0.04460966542750929
0 0.7888888888888889 0.5278810408921932 0.026666666666666665 0.04460966542750929
0 0.8988888888888888 0.4869888475836431 0.02 0.04460966542750929
0 0.8922222222222222 0.23048327137546468 0.028888888888888888 0.04460966542750929
0 0.9366666666666666 0.5092936802973977 0.03333333333333333 0.08921933085501858
0 0.9388888888888889 0.2453531598513011 0.028888888888888888 0.08178438661710037
