1 0.2788888888888889 0.28810408921933084 0.44666666666666666 0.1895910780669145
1 0.6977777777777778 0.6914498141263941 0.035555555555555556 0.08921933085501858
1 0.5755555555555556 0.2211895910780669 0.026666666666666665 0.0483271375464684
1 0.6888888888888889 0.26022304832713755 0.026666666666666665 0.03717472118959107
1 0.7888888888888889 0.79182156133829 0.03111111111111111 0.05204460966542751
1 0.7955555555555556 0.8810408921933085 0.03111111111111111 0.04460966542750929
1 0.3211111111111111 0.4014869888475836 0.028888888888888888 0.05204460966542751
1 0.7033333333333334 0.3531598513011152 0.03333333333333333 0.05947955390334572
1 0.25222222222222224 0.6858736059479553 0.4066666666666667 0.4423791821561338
1 0.5722222222222222 0.8847583643122676 0.028888888888888888 0.05204460966542751
1 0.5555555555555556 0.35130111524163565 0.03111111111111111 0.0483271375464684
1 0.7711111111111111 0.6691449814126393 0.03111111111111111 0.05204460966542751
1 0.6322222222222222 0.8420074349442379 0.028888888888888888 0.0483271375464684
