1 0.2788888888888889 0.550185873605948 0.34 0.7063197026022304
0 0.2544444444444444 0.7936802973977695 0.024444444444444446 0.040892193308550186
0 0.32666666666666666 0.8810408921933085 0.022222222222222223 0.04460966542750929
0 0.18888888888888888 0.31226765799256506 0.026666666666666665 0.04460966542750929
0 0.5311111111111111 0.8810408921933085 0.026666666666666665 0.04460966542750929
0 0.8055555555555556 0.6226765799256505 0.024444444444444446 0.040892193308550186
1 0.5766666666666667 0.26765799256505574 0.028888888888888888 0.05204460966542751
1 0.8077777777777778 0.7732342007434944 0.042222222222222223 0.08921933085501858
1 0.5977777777777777 0.3550185873605948 0.022222222222222223 0.0483271375464684
1 0.7011111111111111 0.2657992565055762 0.028888888888888888 0.0483271375464684
1 0.6455555555555555 0.3531598513011152 0.028888888888888888 0.04460966542750929
1 0.4955555555555556 0.34014869888475835 0.07111111111111111 0.09293680297397769
