1 0.3176470588235294 0.5446096654275092 0.3952941176470588 0.7100371747211895
0 0.27058823529411763 0.7899628252788103 0.03294117647058823 0.0483271375464684
0 0.34823529411764703 0.8847583643122676 0.028235294117647056 0.04460966542750929
0 0.8541176470588234 0.6133828996282528 0.023529411764705882 0.04460966542750929
0 0.5635294117647058 0.8810408921933085 0.025882352941176467 0.04460966542750929
1 0.8588235294117647 0.7676579925650557 0.047058823529411764 0.07806691449814127
1 0.6270588235294117 0.3271375464684015 0.030588235294117645 0.08921933085501858
1 0.8047058823529412 0.3271375464684015 0.07529411764705882 0.08921933085501858
1 0.7423529411764705 0.7472118959107806 0.03529411764705882 0.04460966542750929
1 0.7105882352941176 0.8308550185873605 0.03764705882352941 0.0483271375464684
1 0.6823529411764705 0.3475836431226766 0.03294117647058823 0.0483271375464684
1 0.748235294117647 0.4869888475836431 0.028235294117647056 0.05204460966542751
1 0.9070588235294117 0.8364312267657992 0.030588235294117645 0.04460966542750929
