1 0.2777777777777778 0.5539033457249071 0.4444444444444444 0.7137546468401487
0 0.16555555555555557 0.6226765799256505 0.028888888888888888 0.0483271375464684
0 0.29777777777777775 0.8884758364312267 0.026666666666666665 0.04460966542750929
0 0.6344444444444445 0.3587360594795539 0.03333333333333333 0.0483271375464684
0 0.6944444444444444 0.22862453531598512 0.024444444444444446 0.0483271375464684
0 0.7311111111111112 0.22676579925650556 0.022222222222222223 0.04460966542750929
0 0.8266666666666667 0.22862453531598512 0.026666666666666665 0.055762081784386616
1 0.6966666666666667 0.36059479553903345 0.03333333333333333 0.05204460966542751
1 0.6955555555555556 0.6914498141263941 0.026666666666666665 0.08921933085501858
1 0.7866666666666666 0.7936802973977695 0.026666666666666665 0.0483271375464684
1 0.69 0.44609665427509293 0.024444444444444446 0.05204460966542751
1 0.7944444444444444 0.8884758364312267 0.028888888888888888 0.04460966542750929
1 0.8177777777777778 0.7546468401486989 0.026666666666666665 0.05204460966542751
1 0.5722222222222222 0.8884758364312267 0.03333333333333333 0.05204460966542751
1 0.63 0.845724907063197 0.028888888888888888 0.0483271375464684
1 0.7666666666666667 0.3587360594795539 0.026666666666666665 0.0483271375464684
1 0.7722222222222223 0.49814126394052044 0.028888888888888888 0.04460966542750929
1 0.7722222222222223 0.6728624535315985 0.024444444444444446 0.04460966542750929
