1 0.2894117647058823 0.2899628252788104 0.46117647058823524 0.17843866171003717
1 0.24941176470588233 0.46840148698884754 0.31999999999999995 0.17843866171003717
1 0.2929411764705882 0.7546468401486989 0.388235294117647 0.31970260223048325
1 0.7188235294117646 0.23977695167286245 0.030588235294117645 0.08550185873605948
1 0.7388235294117647 0.3494423791821561 0.028235294117647056 0.05204460966542751
1 0.7388235294117647 0.6840148698884758 0.03764705882352941 0.08921933085501858
1 0.8352941176470587 0.7899628252788103 0.028235294117647056 0.055762081784386616
1 0.8341176470588234 0.8810408921933085 0.025882352941176467 0.04460966542750929
1 0.8670588235294117 0.7509293680297398 0.025882352941176467 0.05204460966542751
1 0.6670588235294117 0.8401486988847583 0.030588235294117645 0.05204460966542751
1 0.7223529411764705 0.4219330855018587 0.028235294117647056 0.08550185873605948
1 0.5047058823529411 0.44052044609665425 0.030588235294117645 0.0483271375464684
0 0.6741176470588235 0.35130111524163565 0.025882352941176467 0.0483271375464684
0 0.7741176470588235 0.21933085501858735 0.028235294117647056 0.04460966542750929
0 0.8776470588235293 0.2211895910780669 0.028235294117647056 0.0483271375464684
0 0.7376470588235293 0.21747211895910779 0.025882352941176467 0.0483271375464684
0 0.1752941176470588 0.6152416356877323 0.030588235294117645 0.0483271375464684
0 0.3188235294117647 0.8866171003717471 0.025882352941176467 0.0483271375464684
1 0.6741176470588235 0.7509293680297398 0.12941176470588234 0.04460966542750929
1 0.8317647058823529 0.39776951672862454 0.025882352941176467 0.04460966542750929
