1 0.09 0.22676579925650556 0.028888888888888888 0.05947955390334572
0 0.11333333333333333 0.2657992565055762 0.026666666666666665 0.040892193308550186
1 0.5077777777777778 0.24907063197026022 0.03777777777777778 0.08921933085501858
1 0.7377777777777778 0.23977695167286245 0.06222222222222222 0.09293680297397769
1 0.2911111111111111 0.2639405204460966 0.026666666666666665 0.05204460966542751
1 0.9577777777777777 0.33457249070631967 0.08444444444444445 0.275092936802974
0 0.9344444444444444 0.6171003717472119 0.02 0.05204460966542751
1 0.9833333333333333 0.6877323420074349 0.03333333333333333 0.2453531598513011
1 0.9444444444444444 0.8884758364312267 0.026666666666666665 0.04460966542750929
1 0.9855555555555555 0.8605947955390334 0.028888888888888888 0.08550185873605948
