1 0.3088888888888889 0.29182156133828996 0.40444444444444444 0.17472118959107805
0 0.18777777777777777 0.3141263940520446 0.028888888888888888 0.0483271375464684
1 0.23 0.6394052044609665 0.26 0.550185873605948
1 0.41555555555555557 0.8420074349442379 0.07111111111111111 0.0483271375464684
0 0.09555555555555556 0.6152416356877323 0.022222222222222223 0.040892193308550186
0 0.25666666666666665 0.7955390334572491 0.028888888888888888 0.04460966542750929
1 0.6133333333333333 0.3327137546468401 0.08 0.08550185873605948
1 0.7411111111111112 0.31226765799256506 0.028888888888888888 0.04460966542750929
1 0.81 0.775092936802974 0.04666666666666667 0.08550185873605948
0 0.8066666666666666 0.6189591078066914 0.026666666666666665 0.0483271375464684
0 0.53 0.8847583643122676 0.028888888888888888 0.04460966542750929
1 0.4955555555555556 0.8828996282527881 0.03111111111111111 0.0483271375464684
0 0.32555555555555554 0.8847583643122676 0.024444444444444446 0.04460966542750929
