0 0.2717647058823529 0.79182156133829 0.030588235294117645 0.05204460966542751
0 0.34705882352941175 0.8810408921933085 0.025882352941176467 0.04460966542750929
0 0.1976470588235294 0.30855018587360594 0.028235294117647056 0.04460966542750929
0 0.5611764705882353 0.879182156133829 0.025882352941176467 0.0483271375464684
0 0.8529411764705882 0.6115241635687733 0.025882352941176467 0.040892193308550186
1 0.2858823529411764 0.3327137546468401 0.3741176470588235 0.27137546468401486
1 0.22235294117647056 0.5111524163568772 0.14823529411764705 0.1003717472118959
0 0.10117647058823528 0.6152416356877323 0.028235294117647056 0.0483271375464684
1 0.8588235294117647 0.7657992565055761 0.047058823529411764 0.08921933085501858
1 0.4329411764705882 0.8401486988847583 0.06588235294117646 0.04460966542750929
1 0.9058823529411764 0.8382899628252788 0.03294117647058823 0.055762081784386616
1 0.3117647058823529 0.6877323420074349 0.11529411764705881 0.08921933085501858
1 0.23176470588235293 0.5966542750929368 0.18588235294117644 0.08550185873605948
1 0.6847058823529412 0.3475836431226766 0.028235294117647056 0.0483271375464684
1 0.6223529411764706 0.31226765799256506 0.030588235294117645 0.05204460966542751
1 0.41882352941176465 0.7881040892193308 0.0988235294117647 0.05204460966542751
1 0.7352941176470588 0.4851301115241635 0.025882352941176467 0.0483271375464684
1 0.7458823529411764 0.7472118959107806 0.028235294117647056 0.04460966542750929
