1 0.30666666666666664 0.3011152416356877 0.37777777777777777 0.1933085501858736
1 0.2577777777777778 0.5130111524163569 0.26222222222222225 0.26765799256505574
1 0.27666666666666667 0.7602230483271375 0.2866666666666667 0.1449814126394052
1 0.3111111111111111 0.8698884758364311 0.03111111111111111 0.08178438661710037
0 0.16555555555555557 0.6263940520446096 0.03333333333333333 0.0483271375464684
0 0.2966666666666667 0.8866171003717471 0.024444444444444446 0.0483271375464684
0 0.6344444444444445 0.3587360594795539 0.024444444444444446 0.0483271375464684
0 0.6944444444444444 0.23048327137546468 0.024444444444444446 0.05204460966542751
0 0.8266666666666667 0.22862453531598512 0.026666666666666665 0.0483271375464684
0 0.73 0.23048327137546468 0.024444444444444446 0.04460966542750929
1 0.6955555555555556 0.6933085501858736 0.035555555555555556 0.09293680297397769
1 0.7866666666666666 0.7973977695167286 0.022222222222222223 0.055762081784386616
1 0.6311111111111111 0.845724907063197 0.026666666666666665 0.0483271375464684
1 0.7855555555555556 0.8866171003717471 0.028888888888888888 0.0483271375464684
1 0.6844444444444444 0.4052044609665427 0.03111111111111111 0.05204460966542751
1 0.47444444444444445 0.44981412639405205 0.028888888888888888 0.04460966542750929
1 0.5733333333333334 0.8866171003717471 0.03111111111111111 0.0483271375464684
1 0.4477777777777778 0.5855018587360594 0.028888888888888888 0.0483271375464684
1 0.8177777777777778 0.7620817843866171 0.026666666666666665 0.04460966542750929
1 0.7777777777777778 0.516728624535316 0.035555555555555556 0.08178438661710037
1 0.8511111111111112 0.31970260223048325 0.022222222222222223 0.04460966542750929
1 0.6044444444444445 0.7602230483271375 0.026666666666666665 0.0483271375464684
1 0.5777777777777777 0.22862453531598512 0.03111111111111111 0.0483271375464684
