0 0.18888888888888888 0.31226765799256506 0.026666666666666665 0.05204460966542751
0 0.5322222222222223 0.8828996282527881 0.024444444444444446 0.0483271375464684
0 0.8077777777777778 0.6171003717472119 0.028888888888888888 0.05204460966542751
1 0.2777777777777778 0.2862453531598513 0.3422222222222222 0.1933085501858736
1 0.21888888888888888 0.6412639405204461 0.22 0.5464684014869888
1 0.6455555555555555 0.3494423791821561 0.028888888888888888 0.04460966542750929
1 0.8077777777777778 0.7695167286245352 0.04666666666666667 0.08178438661710037
1 0.8566666666666667 0.8382899628252788 0.028888888888888888 0.055762081784386616
1 0.3988888888888889 0.8420074349442379 0.03777777777777778 0.0483271375464684
1 0.49777777777777776 0.8828996282527881 0.03111111111111111 0.0483271375464684
1 0.79 0.258364312267658 0.028888888888888888 0.040892193308550186
1 0.38333333333333336 0.7936802973977695 0.06888888888888889 0.0483271375464684
1 0.7044444444444444 0.7490706319702601 0.026666666666666665 0.040892193308550186
1 0.5011111111111111 0.4907063197026022 0.028888888888888888 0.04460966542750929
1 0.7888888888888889 0.3550185873605948 0.026666666666666665 0.055762081784386616
