0 0.7364705882352941 0.22490706319702602 0.028235294117647056 0.0483271375464684
0 0.776470588235294 0.22490706319702602 0.028235294117647056 0.0483271375464684
0 0.8788235294117647 0.22304832713754646 0.025882352941176467 0.04460966542750929
0 0.6741176470588235 0.3550185873605948 0.025882352941176467 0.0483271375464684
0 0.1776470588235294 0.620817843866171 0.030588235294117645 0.04460966542750929
0 0.3188235294117647 0.8884758364312267 0.025882352941176467 0.04460966542750929
1 0.8352941176470587 0.79182156133829 0.028235294117647056 0.05204460966542751
1 0.3188235294117647 0.379182156133829 0.40705882352941175 0.3494423791821561
1 0.2364705882352941 0.7899628252788103 0.03529411764705882 0.040892193308550186
1 0.4317647058823529 0.7936802973977695 0.03529411764705882 0.0483271375464684
1 0.28705882352941176 0.7063197026022304 0.03294117647058823 0.04460966542750929
1 0.3917647058823529 0.620817843866171 0.030588235294117645 0.04460966542750929
1 0.608235294117647 0.8810408921933085 0.03529411764705882 0.04460966542750929
1 0.7399999999999999 0.6877323420074349 0.03529411764705882 0.0966542750929368
1 0.49647058823529405 0.8828996282527881 0.028235294117647056 0.055762081784386616
1 0.15294117647058822 0.6728624535315985 0.03294117647058823 0.04460966542750929
1 0.7647058823529411 0.4014869888475836 0.028235294117647056 0.05204460966542751
1 0.82 0.4907063197026022 0.030588235294117645 0.05204460966542751
1 0.16941176470588235 0.845724907063197 0.028235294117647056 0.0483271375464684
1 0.3705882352941176 0.7527881040892193 0.030588235294117645 0.0483271375464684
1 0.48235294117647054 0.6022304832713754 0.042352941176470586 0.08921933085501858
1 0.7388235294117647 0.3531598513011152 0.028235294117647056 0.04460966542750929
1 0.668235294117647 0.8401486988847583 0.028235294117647056 0.04460966542750929
