1 0.28444444444444444 0.3048327137546468 0.42666666666666664 0.1486988847583643
1 0.2911111111111111 0.70817843866171 0.4177777777777778 0.39776951672862454
1 0.6777777777777778 0.7026022304832713 0.06666666666666667 0.12639405204460966
1 0.7877777777777778 0.7899628252788103 0.03333333333333333 0.0483271375464684
1 0.5511111111111111 0.8810408921933085 0.08 0.05947955390334572
1 0.6311111111111111 0.8420074349442379 0.03111111111111111 0.0483271375464684
1 0.7822222222222223 0.8754646840148699 0.035555555555555556 0.0483271375464684
1 0.7777777777777778 0.5 0.044444444444444446 0.08550185873605948
1 0.11444444444444445 0.395910780669145 0.028888888888888888 0.0483271375464684
1 0.3188888888888889 0.395910780669145 0.028888888888888888 0.040892193308550186
1 0.5233333333333333 0.7769516728624535 0.04666666666666667 0.08178438661710037
