1 0.25222222222222224 0.29182156133828996 0.2733333333333333 0.1895910780669145
1 0.4211111111111111 0.22676579925650556 0.028888888888888888 0.04460966542750929
1 0.42444444444444446 0.3587360594795539 0.03111111111111111 0.0483271375464684
1 0.26222222222222225 0.6263940520446096 0.28 0.21933085501858735
1 0.2588888888888889 0.8884758364312267 0.10888888888888888 0.05204460966542751
1 0.21 0.7713754646840149 0.051111111111111114 0.09293680297397769
1 0.4066666666666667 0.8643122676579925 0.05333333333333333 0.08550185873605948
1 0.22333333333333333 0.4163568773234201 0.23333333333333334 0.0966542750929368
1 0.5911111111111111 0.33643122676579923 0.035555555555555556 0.09293680297397769
1 0.7544444444444445 0.33457249070631967 0.06 0.0966542750929368
1 0.49444444444444446 0.8847583643122676 0.028888888888888888 0.05204460966542751
1 0.2833333333333333 0.7788104089219331 0.028888888888888888 0.09293680297397769
0 0.2544444444444444 0.8011152416356877 0.028888888888888888 0.0483271375464684
0 0.5311111111111111 0.8866171003717471 0.026666666666666665 0.0483271375464684
0 0.8055555555555556 0.6189591078066914 0.028888888888888888 0.0483271375464684
0 0.18666666666666668 0.31226765799256506 0.026666666666666665 0.04460966542750929
1 0.81 0.7732342007434944 0.04666666666666667 0.08178438661710037
1 0.6444444444444445 0.35687732342007433 0.026666666666666665 0.05204460966542751
