0 0.2011764705882353 0.31226765799256506 0.025882352941176467 0.04460966542750929
0 0.2741176470588235 0.79182156133829 0.030588235294117645 0.04460966542750929
0 0.5647058823529412 0.8810408921933085 0.028235294117647056 0.04460966542750929
0 0.8576470588235293 0.6152416356877323 0.025882352941176467 0.0483271375464684
1 0.30117647058823527 0.28810408921933084 0.3529411764705882 0.17472118959107805
1 0.2352941176470588 0.46096654275092935 0.23058823529411762 0.18587360594795538
1 0.3164705882352941 0.7788104089219331 0.3505882352941176 0.2639405204460966
1 0.8635294117647058 0.7695167286245352 0.05647058823529411 0.08921933085501858
1 0.6870588235294117 0.3475836431226766 0.03294117647058823 0.0483271375464684
1 0.7470588235294117 0.7490706319702601 0.030588235294117645 0.0483271375464684
1 0.908235294117647 0.8382899628252788 0.028235294117647056 0.0483271375464684
1 0.5258823529411765 0.879182156133829 0.025882352941176467 0.0483271375464684
1 0.16117647058823528 0.5966542750929368 0.03529411764705882 0.08550185873605948
