1 0.24333333333333335 0.2453531598513011 0.03777777777777778 0.0966542750929368
1 0.4033333333333333 0.2620817843866171 0.028888888888888888 0.0483271375464684
1 0.5822222222222222 0.2657992565055762 0.026666666666666665 0.0483271375464684
1 0.5244444444444445 0.3475836431226766 0.03111111111111111 0.0483271375464684
0 0.09777777777777778 0.3940520446096654 0.026666666666666665 0.05204460966542751
0 0.18777777777777777 0.7063197026022304 0.024444444444444446 0.04460966542750929
0 0.18555555555555556 0.8438661710037174 0.028888888888888888 0.05204460966542751
1 0.96 0.2657992565055762 0.08 0.137546468401487
1 0.9588888888888889 0.6189591078066914 0.08222222222222222 0.040892193308550186
1 0.9111111111111111 0.39776951672862454 0.026666666666666665 0.05204460966542751
1 0.9722222222222222 0.7713754646840149 0.05555555555555555 0.1895910780669145
