1 0.2966666666666667 0.5539033457249071 0.42444444444444446 0.7137546468401487
1 0.6877777777777778 0.26765799256505574 0.03333333333333333 0.04460966542750929
1 0.6966666666666667 0.3550185873605948 0.028888888888888888 0.055762081784386616
1 0.6988888888888889 0.6858736059479553 0.03777777777777778 0.08550185873605948
1 0.7855555555555556 0.79182156133829 0.024444444444444446 0.05204460966542751
1 0.6288888888888889 0.8401486988847583 0.026666666666666665 0.05204460966542751
1 0.7855555555555556 0.8847583643122676 0.028888888888888888 0.04460966542750929
0 0.6944444444444444 0.22304832713754646 0.024444444444444446 0.04460966542750929
0 0.73 0.22676579925650556 0.024444444444444446 0.04460966542750929
0 0.8255555555555556 0.22676579925650556 0.028888888888888888 0.05204460966542751
0 0.6344444444444445 0.3550185873605948 0.024444444444444446 0.040892193308550186
0 0.16444444444444445 0.6152416356877323 0.026666666666666665 0.040892193308550186
0 0.2966666666666667 0.8866171003717471 0.024444444444444446 0.0483271375464684
1 0.5733333333333334 0.8828996282527881 0.035555555555555556 0.055762081784386616
1 0.6844444444444444 0.7527881040892193 0.026666666666666665 0.0483271375464684
1 0.8166666666666667 0.7546468401486989 0.028888888888888888 0.04460966542750929
