1 0.3105882352941176 0.5520446096654275 0.49882352941176467 0.724907063197026
1 0.7364705882352941 0.6802973977695167 0.03294117647058823 0.08921933085501858
1 0.8364705882352941 0.7843866171003717 0.025882352941176467 0.05204460966542751
1 0.8352941176470587 0.8773234200743494 0.028235294117647056 0.04460966542750929
1 0.7470588235294117 0.3475836431226766 0.025882352941176467 0.0483271375464684
0 0.7364705882352941 0.21747211895910779 0.023529411764705882 0.0483271375464684
0 0.7752941176470588 0.21747211895910779 0.025882352941176467 0.0483271375464684
0 0.8776470588235293 0.21933085501858735 0.023529411764705882 0.04460966542750929
0 0.6741176470588235 0.3475836431226766 0.030588235294117645 0.0483271375464684
0 0.1776470588235294 0.6152416356877323 0.030588235294117645 0.0483271375464684
0 0.3164705882352941 0.8847583643122676 0.030588235294117645 0.04460966542750929
1 0.9035294117647058 0.3066914498141264 0.028235294117647056 0.0483271375464684
1 0.82 0.4851301115241635 0.030588235294117645 0.0483271375464684
1 0.6070588235294118 0.879182156133829 0.028235294117647056 0.0483271375464684
1 0.8694117647058823 0.7509293680297398 0.025882352941176467 0.05204460966542751
1 0.7258823529411764 0.7490706319702601 0.030588235294117645 0.0483271375464684
1 0.7447058823529411 0.8364312267657992 0.025882352941176467 0.04460966542750929
