1 0.2644444444444444 0.550185873605948 0.36444444444444446 0.7063197026022304
0 0.18666666666666668 0.31226765799256506 0.026666666666666665 0.04460966542750929
0 0.09555555555555556 0.6226765799256505 0.022222222222222223 0.0483271375464684
0 0.25555555555555554 0.7973977695167286 0.026666666666666665 0.0483271375464684
0 0.3244444444444444 0.8847583643122676 0.026666666666666665 0.04460966542750929
0 0.5322222222222223 0.8866171003717471 0.028888888888888888 0.0483271375464684
0 0.8077777777777778 0.620817843866171 0.024444444444444446 0.05204460966542751
1 0.49444444444444446 0.8847583643122676 0.024444444444444446 0.04460966542750929
1 0.8111111111111111 0.7565055762081784 0.035555555555555556 0.0483271375464684
1 0.5922222222222222 0.33643122676579923 0.03777777777777778 0.09293680297397769
1 0.6411111111111111 0.3550185873605948 0.03333333333333333 0.0483271375464684
1 0.8533333333333333 0.8420074349442379 0.026666666666666665 0.0483271375464684
1 0.7033333333333334 0.7546468401486989 0.028888888888888888 0.04460966542750929
