1 0.24555555555555555 0.24721189591078066 0.03777777777777778 0.09293680297397769
1 0.40444444444444444 0.2620817843866171 0.03111111111111111 0.0483271375464684
1 0.5277777777777778 0.3531598513011152 0.024444444444444446 0.04460966542750929
1 0.5822222222222222 0.2620817843866171 0.026666666666666665 0.0483271375464684
1 0.9811111111111112 0.27695167286245354 0.03777777777777778 0.137546468401487
1 0.9788888888888889 0.637546468401487 0.042222222222222223 0.09293680297397769
1 0.9877777777777778 0.8122676579925651 0.024444444444444446 0.09293680297397769
0 0.09777777777777778 0.395910780669145 0.026666666666666665 0.0483271375464684
0 0.18777777777777777 0.7063197026022304 0.024444444444444446 0.05204460966542751
0 0.18444444444444444 0.8401486988847583 0.026666666666666665 0.04460966542750929
