0 0.16555555555555557 0.6152416356877323 0.028888888888888888 0.0483271375464684
1 0.30333333333333334 0.5557620817843866 0.37555555555555553 0.7174721189591078
0 0.29777777777777775 0.8884758364312267 0.026666666666666665 0.05204460966542751
0 0.6344444444444445 0.35687732342007433 0.028888888888888888 0.05204460966542751
0 0.6944444444444444 0.22304832713754646 0.02 0.04460966542750929
0 0.73 0.22490706319702602 0.024444444444444446 0.0483271375464684
0 0.8255555555555556 0.22490706319702602 0.024444444444444446 0.0483271375464684
1 0.7877777777777778 0.7955390334572491 0.024444444444444446 0.04460966542750929
1 0.6955555555555556 0.6933085501858736 0.03111111111111111 0.08550185873605948
1 0.7855555555555556 0.8847583643122676 0.028888888888888888 0.05204460966542751
1 0.5711111111111111 0.8828996282527881 0.026666666666666665 0.0483271375464684
1 0.6977777777777778 0.35687732342007433 0.026666666666666665 0.05204460966542751
