1 0.7376470588235293 0.6840148698884758 0.03529411764705882 0.0966542750929368
1 0.31999999999999995 0.5539033457249071 0.38588235294117645 0.6914498141263941
1 0.7388235294117647 0.3494423791821561 0.03764705882352941 0.05204460966542751
1 0.8352941176470587 0.7862453531598512 0.028235294117647056 0.0483271375464684
1 0.8352941176470587 0.8773234200743494 0.028235294117647056 0.04460966542750929
1 0.9047058823529411 0.3048327137546468 0.030588235294117645 0.04460966542750929
1 0.868235294117647 0.7472118959107806 0.028235294117647056 0.04460966542750929
0 0.6741176470588235 0.35130111524163565 0.025882352941176467 0.0483271375464684
0 0.7352941176470588 0.21561338289962825 0.025882352941176467 0.04460966542750929
0 0.7752941176470588 0.21747211895910779 0.030588235294117645 0.0483271375464684
0 0.8776470588235293 0.21747211895910779 0.028235294117647056 0.040892193308550186
0 0.3176470588235294 0.8866171003717471 0.028235294117647056 0.0483271375464684
0 0.1764705882352941 0.6171003717472119 0.028235294117647056 0.04460966542750929
1 0.668235294117647 0.8364312267657992 0.028235294117647056 0.04460966542750929
1 0.6094117647058823 0.879182156133829 0.03294117647058823 0.0483271375464684
1 0.7647058823529411 0.395910780669145 0.028235294117647056 0.0483271375464684
1 0.7247058823529411 0.4163568773234201 0.042352941176470586 0.08921933085501858
