1 0.3211111111111111 0.550185873605948 0.41555555555555557 0.7063197026022304
1 0.6933333333333334 0.6914498141263941 0.03111111111111111 0.08921933085501858
1 0.63 0.8420074349442379 0.024444444444444446 0.0483271375464684
1 0.7844444444444444 0.7936802973977695 0.03111111111111111 0.055762081784386616
1 0.7833333333333333 0.8828996282527881 0.028888888888888888 0.040892193308550186
1 0.6888888888888889 0.2620817843866171 0.026666666666666665 0.0483271375464684
1 0.6966666666666667 0.3550185873605948 0.028888888888888888 0.0483271375464684
1 0.5722222222222222 0.8847583643122676 0.028888888888888888 0.04460966542750929
1 0.6822222222222222 0.44423791821561337 0.03111111111111111 0.0483271375464684
1 0.5755555555555556 0.22304832713754646 0.03111111111111111 0.04460966542750929
