1 0.2633333333333333 0.2899628252788104 0.3888888888888889 0.1933085501858736
1 0.22444444444444445 0.5092936802973977 0.12 0.08178438661710037
1 0.27111111111111114 0.7286245353159851 0.3244444444444444 0.3643122676579926
1 0.49444444444444446 0.8828996282527881 0.028888888888888888 0.0483271375464684
1 0.8111111111111111 0.7713754646840149 0.04 0.08550185873605948
1 0.59 0.3308550185873606 0.03333333333333333 0.08921933085501858
0 0.5322222222222223 0.879182156133829 0.024444444444444446 0.0483271375464684
0 0.8066666666666666 0.6152416356877323 0.026666666666666665 0.0483271375464684
1 0.7788888888888889 0.35687732342007433 0.042222222222222223 0.05204460966542751
1 0.6411111111111111 0.35130111524163565 0.028888888888888888 0.0483271375464684
