0 0.07111111111111111 0.24721189591078066 0.026666666666666665 0.09293680297397769
0 0.07 0.5130111524163569 0.028888888888888888 0.0966542750929368
0 0.11777777777777777 0.48884758364312264 0.017777777777777778 0.0483271375464684
0 0.1688888888888889 0.533457249070632 0.026666666666666665 0.0483271375464684
0 0.1111111111111111 0.5799256505576208 0.026666666666666665 0.05204460966542751
0 0.21333333333333332 0.2639405204460966 0.026666666666666665 0.04460966542750929
0 0.2722222222222222 0.22676579925650556 0.024444444444444446 0.04460966542750929
0 0.7244444444444444 0.3141263940520446 0.026666666666666665 0.0483271375464684
0 0.7122222222222222 0.5315985130111524 0.024444444444444446 0.04460966542750929
0 0.7911111111111111 0.5297397769516728 0.026666666666666665 0.0483271375464684
0 0.8944444444444445 0.22490706319702602 0.024444444444444446 0.0483271375464684
0 0.9011111111111111 0.48884758364312264 0.024444444444444446 0.040892193308550186
0 0.9377777777777778 0.5074349442379182 0.03111111111111111 0.08550185873605948
0 0.9411111111111111 0.24721189591078066 0.028888888888888888 0.09293680297397769
