1 0.29555555555555557 0.5576208178438662 0.3466666666666667 0.7063197026022304
1 0.5877777777777777 0.32899628252788105 0.028888888888888888 0.08550185873605948
1 0.5088888888888888 0.8810408921933085 0.022222222222222223 0.04460966542750929
1 0.8122222222222222 0.7713754646840149 0.042222222222222223 0.08550185873605948
0 0.81 0.6189591078066914 0.024444444444444446 0.0483271375464684
0 0.5333333333333333 0.8828996282527881 0.026666666666666665 0.0483271375464684
0 0.6455555555555555 0.3531598513011152 0.028888888888888888 0.04460966542750929
1 0.8566666666666667 0.8420074349442379 0.028888888888888888 0.040892193308550186
1 0.7055555555555556 0.7546468401486989 0.028888888888888888 0.04460966542750929
1 0.7511111111111111 0.31226765799256506 0.03111111111111111 0.05204460966542751
