1 0.2822222222222222 0.5520446096654275 0.4577777777777778 0.7026022304832713
1 0.6955555555555556 0.6877323420074349 0.026666666666666665 0.08921933085501858
1 0.6833333333333333 0.2620817843866171 0.024444444444444446 0.0483271375464684
1 0.6888888888888889 0.3327137546468401 0.05333333333333333 0.08550185873605948
0 0.06111111111111111 0.3104089219330855 0.024444444444444446 0.0483271375464684
0 0.16666666666666666 0.6171003717472119 0.026666666666666665 0.04460966542750929
1 0.7877777777777778 0.79182156133829 0.024444444444444446 0.04460966542750929
0 0.6966666666666667 0.2211895910780669 0.024444444444444446 0.040892193308550186
0 0.7333333333333333 0.22490706319702602 0.026666666666666665 0.055762081784386616
1 0.7866666666666666 0.8847583643122676 0.03111111111111111 0.04460966542750929
1 0.5833333333333334 0.8828996282527881 0.028888888888888888 0.0483271375464684
1 0.58 0.2211895910780669 0.03111111111111111 0.0483271375464684
1 0.82 0.7509293680297398 0.026666666666666665 0.05204460966542751
