1 0.31444444444444447 0.5148698884758364 0.3977777777777778 0.620817843866171
1 0.24222222222222223 0.8698884758364311 0.2088888888888889 0.10408921933085502
1 0.6944444444444444 0.6933085501858736 0.03333333333333333 0.08550185873605948
0 0.6944444444444444 0.22676579925650556 0.028888888888888888 0.04460966542750929
0 0.7322222222222222 0.22676579925650556 0.028888888888888888 0.05204460966542751
1 0.7866666666666666 0.7973977695167286 0.026666666666666665 0.0483271375464684
1 0.63 0.8438661710037174 0.028888888888888888 0.04460966542750929
1 0.6966666666666667 0.36059479553903345 0.024444444444444446 0.05204460966542751
1 0.8166666666666667 0.7565055762081784 0.028888888888888888 0.0483271375464684
1 0.5722222222222222 0.8828996282527881 0.028888888888888888 0.0483271375464684
1 0.5955555555555555 0.3159851301115241 0.026666666666666665 0.05204460966542751
