1 0.30777777777777776 0.5650557620817843 0.3711111111111111 0.7211895910780669
1 0.7011111111111111 0.6858736059479553 0.028888888888888888 0.09293680297397769
1 0.6355555555555555 0.7695167286245352 0.1288888888888889 0.08178438661710037
0 0.6977777777777778 0.22304832713754646 0.026666666666666665 0.04460966542750929
0 0.7344444444444445 0.22490706319702602 0.028888888888888888 0.055762081784386616
0 0.16777777777777778 0.6226765799256505 0.028888888888888888 0.040892193308550186
1 0.79 0.79182156133829 0.028888888888888888 0.05204460966542751
1 0.6333333333333333 0.8438661710037174 0.026666666666666665 0.05204460966542751
1 0.7011111111111111 0.3531598513011152 0.03333333333333333 0.04460966542750929
1 0.79 0.8810408921933085 0.028888888888888888 0.04460966542750929
1 0.5755555555555556 0.8828996282527881 0.026666666666666665 0.0483271375464684
