1 0.31 0.29182156133828996 0.3933333333333333 0.1821561338289963
1 0.2411111111111111 0.6468401486988847 0.2644444444444444 0.5353159851301115
1 0.39666666666666667 0.70817843866171 0.024444444444444446 0.0483271375464684
1 0.4077777777777778 0.7955390334572491 0.028888888888888888 0.05204460966542751
1 0.7022222222222222 0.35687732342007433 0.03111111111111111 0.04460966542750929
1 0.7011111111111111 0.6821561338289962 0.042222222222222223 0.08550185873605948
1 0.7877777777777778 0.7899628252788103 0.028888888888888888 0.0483271375464684
1 0.82 0.7490706319702601 0.026666666666666665 0.055762081784386616
1 0.7888888888888889 0.8828996282527881 0.026666666666666665 0.0483271375464684
1 0.8544444444444445 0.3066914498141264 0.028888888888888888 0.0483271375464684
1 0.4822222222222222 0.48884758364312264 0.026666666666666665 0.0483271375464684
1 0.5744444444444444 0.879182156133829 0.028888888888888888 0.0483271375464684
1 0.6466666666666666 0.7657992565055761 0.09333333333333334 0.08178438661710037
1 0.5044444444444445 0.7695167286245352 0.07555555555555556 0.0966542750929368
1 0.7866666666666666 0.5074349442379182 0.03111111111111111 0.08550185873605948
1 0.45111111111111113 0.5799256505576208 0.026666666666666665 0.05204460966542751
1 0.6333333333333333 0.8420074349442379 0.026666666666666665 0.0483271375464684
