1 0.29 0.29925650557620814 0.32222222222222224 0.1821561338289963
1 0.23666666666666666 0.637546468401487 0.21555555555555556 0.5315985130111524
1 0.4033333333333333 0.8104089219330854 0.09111111111111111 0.0966542750929368
1 0.5055555555555555 0.879182156133829 0.042222222222222223 0.0483271375464684
0 0.5333333333333333 0.879182156133829 0.026666666666666665 0.040892193308550186
0 0.18888888888888888 0.30855018587360594 0.026666666666666665 0.04460966542750929
0 0.8088888888888889 0.6152416356877323 0.022222222222222223 0.040892193308550186
1 0.8133333333333334 0.7657992565055761 0.04888888888888889 0.08921933085501858
1 0.8566666666666667 0.8364312267657992 0.028888888888888888 0.05204460966542751
1 0.62 0.32899628252788105 0.08 0.09293680297397769
1 0.7411111111111112 0.3104089219330855 0.028888888888888888 0.055762081784386616
