1 0.29888888888888887 0.4182156133828996 0.3844444444444444 0.44981412639405205
1 0.2733333333333333 0.8048327137546468 0.3288888888888889 0.21933085501858735
1 0.6977777777777778 0.6914498141263941 0.04 0.0966542750929368
1 0.7866666666666666 0.79182156133829 0.026666666666666665 0.05204460966542751
1 0.7855555555555556 0.8847583643122676 0.028888888888888888 0.05204460966542751
1 0.6511111111111111 0.24721189591078066 0.17333333333333334 0.09293680297397769
1 0.7044444444444444 0.3550185873605948 0.026666666666666665 0.0483271375464684
1 0.5722222222222222 0.8847583643122676 0.028888888888888888 0.05204460966542751
1 0.7777777777777778 0.5111524163568772 0.04 0.07806691449814127
1 0.5077777777777778 0.8680297397769516 0.06444444444444444 0.08550185873605948
1 0.6311111111111111 0.8438661710037174 0.026666666666666665 0.04460966542750929
