1 0.30666666666666664 0.29182156133828996 0.39111111111111113 0.1821561338289963
1 0.2311111111111111 0.6412639405204461 0.23555555555555555 0.5315985130111524
1 0.37333333333333335 0.620817843866171 0.026666666666666665 0.05204460966542751
1 0.4066666666666667 0.7955390334572491 0.026666666666666665 0.04460966542750929
1 0.7077777777777777 0.6840148698884758 0.03333333333333333 0.08921933085501858
1 0.7888888888888889 0.7899628252788103 0.026666666666666665 0.055762081784386616
1 0.5288888888888889 0.879182156133829 0.026666666666666665 0.0483271375464684
1 0.7866666666666666 0.8810408921933085 0.026666666666666665 0.04460966542750929
1 0.4488888888888889 0.5780669144981412 0.03111111111111111 0.055762081784386616
1 0.7744444444444445 0.4907063197026022 0.028888888888888888 0.05204460966542751
1 0.6322222222222222 0.8401486988847583 0.028888888888888888 0.04460966542750929
1 0.6977777777777778 0.3550185873605948 0.026666666666666665 0.0483271375464684
1 0.6944444444444444 0.26022304832713755 0.028888888888888888 0.04460966542750929
1 0.5966666666666667 0.31226765799256506 0.028888888888888888 0.05204460966542751
1 0.5744444444444444 0.8828996282527881 0.028888888888888888 0.0483271375464684
1 0.48 0.4423791821561338 0.026666666666666665 0.04460966542750929
1 0.8188888888888889 0.5724907063197026 0.028888888888888888 0.04460966542750929
1 0.7744444444444445 0.6635687732342007 0.028888888888888888 0.0483271375464684
