1 0.30777777777777776 0.2936802973977695 0.3977777777777778 0.1933085501858736
0 0.16444444444444445 0.6226765799256505 0.026666666666666665 0.040892193308550186
1 0.14666666666666667 0.6263940520446096 0.022222222222222223 0.040892193308550186
1 0.3022222222222222 0.47211895910780666 0.17777777777777778 0.18587360594795538
1 0.15555555555555556 0.533457249070632 0.03111111111111111 0.0483271375464684
1 0.2833333333333333 0.7565055762081784 0.14444444444444443 0.13011152416356878
1 0.23333333333333334 0.8680297397769516 0.19555555555555557 0.09293680297397769
1 0.3877777777777778 0.6003717472118959 0.13111111111111112 0.08550185873605948
1 0.4033333333333333 0.7973977695167286 0.05555555555555555 0.040892193308550186
1 0.6955555555555556 0.6988847583643122 0.03111111111111111 0.0966542750929368
1 0.7866666666666666 0.7955390334572491 0.026666666666666665 0.04460966542750929
1 0.6311111111111111 0.8475836431226765 0.026666666666666665 0.04460966542750929
1 0.6966666666666667 0.3643122676579926 0.028888888888888888 0.05204460966542751
1 0.7844444444444444 0.8884758364312267 0.03111111111111111 0.05204460966542751
1 0.77 0.6747211895910781 0.028888888888888888 0.0483271375464684
1 0.4766666666666667 0.44981412639405205 0.028888888888888888 0.05204460966542751
