1 0.30666666666666664 0.29182156133828996 0.37333333333333335 0.17472118959107805
1 0.22333333333333333 0.6431226765799256 0.19333333333333333 0.5353159851301115
0 0.32666666666666666 0.8866171003717471 0.022222222222222223 0.0483271375464684
0 0.5322222222222223 0.8828996282527881 0.028888888888888888 0.0483271375464684
0 0.18888888888888888 0.3141263940520446 0.026666666666666665 0.0483271375464684
0 0.8077777777777778 0.620817843866171 0.024444444444444446 0.04460966542750929
1 0.81 0.7713754646840149 0.03333333333333333 0.07806691449814127
1 0.39111111111111113 0.8420074349442379 0.03111111111111111 0.0483271375464684
1 0.5888888888888889 0.33643122676579923 0.035555555555555556 0.08550185873605948
1 0.6444444444444445 0.3587360594795539 0.03111111111111111 0.040892193308550186
1 0.8544444444444445 0.8420074349442379 0.028888888888888888 0.0483271375464684
1 0.43666666666666665 0.8475836431226765 0.028888888888888888 0.05204460966542751
