1 0.30444444444444446 0.2899628252788104 0.38666666666666666 0.17843866171003717
1 0.26222222222222225 0.42007434944237915 0.22666666666666666 0.10408921933085502
1 0.2822222222222222 0.70817843866171 0.30666666666666664 0.41263940520446096
1 0.5733333333333334 0.8866171003717471 0.026666666666666665 0.0483271375464684
1 0.6944444444444444 0.6933085501858736 0.03333333333333333 0.09293680297397769
1 0.7844444444444444 0.8884758364312267 0.026666666666666665 0.05204460966542751
1 0.7855555555555556 0.79182156133829 0.024444444444444446 0.05204460966542751
1 0.6966666666666667 0.36059479553903345 0.024444444444444446 0.05204460966542751
1 0.8177777777777778 0.7620817843866171 0.03111111111111111 0.05204460966542751
1 0.63 0.8475836431226765 0.028888888888888888 0.05204460966542751
