1 0.3111111111111111 0.2862453531598513 0.38666666666666666 0.17843866171003717
1 0.23333333333333334 0.4182156133828996 0.23555555555555555 0.08550185873605948
1 0.31333333333333335 0.6914498141263941 0.3688888888888889 0.44609665427509293
1 0.5277777777777778 0.8828996282527881 0.028888888888888888 0.0483271375464684
1 0.5733333333333334 0.8810408921933085 0.03111111111111111 0.05204460966542751
1 0.6944444444444444 0.6877323420074349 0.03333333333333333 0.08921933085501858
1 0.7877777777777778 0.7843866171003717 0.024444444444444446 0.05204460966542751
1 0.8177777777777778 0.7472118959107806 0.022222222222222223 0.04460966542750929
1 0.5744444444444444 0.22490706319702602 0.028888888888888888 0.040892193308550186
1 0.7055555555555556 0.35687732342007433 0.03777777777777778 0.04460966542750929
1 0.6277777777777778 0.8364312267657992 0.024444444444444446 0.04460966542750929
1 0.7866666666666666 0.879182156133829 0.026666666666666665 0.040892193308550186
1 0.7844444444444444 0.5074349442379182 0.03111111111111111 0.09293680297397769
