1 0.30444444444444446 0.2936802973977695 0.38666666666666666 0.17843866171003717
1 0.2722222222222222 0.758364312267658 0.3088888888888889 0.12639405204460966
1 0.22111111111111112 0.8587360594795539 0.19333333333333333 0.08921933085501858
1 0.5955555555555555 0.7527881040892193 0.026666666666666665 0.0483271375464684
1 0.6944444444444444 0.6933085501858736 0.028888888888888888 0.08550185873605948
1 0.7866666666666666 0.79182156133829 0.026666666666666665 0.05204460966542751
1 0.2511111111111111 0.6245353159851301 0.28 0.05204460966542751
1 0.28888888888888886 0.42007434944237915 0.10666666666666666 0.08921933085501858
1 0.5711111111111111 0.8828996282527881 0.03111111111111111 0.0483271375464684
1 0.7844444444444444 0.8828996282527881 0.026666666666666665 0.040892193308550186
1 0.6955555555555556 0.35687732342007433 0.026666666666666665 0.04460966542750929
