1 0.3088888888888889 0.28810408921933084 0.39111111111111113 0.1821561338289963
1 0.25 0.4591078066914498 0.2688888888888889 0.1895910780669145
1 0.27555555555555555 0.7527881040892193 0.32 0.30855018587360594
1 0.6977777777777778 0.6877323420074349 0.04 0.08921933085501858
1 0.7877777777777778 0.7881040892193308 0.024444444444444446 0.05204460966542751
1 0.7855555555555556 0.8828996282527881 0.028888888888888888 0.0483271375464684
1 0.6977777777777778 0.3550185873605948 0.026666666666666665 0.0483271375464684
1 0.6311111111111111 0.8420074349442379 0.026666666666666665 0.0483271375464684
1 0.4688888888888889 0.8847583643122676 0.026666666666666665 0.04460966542750929
1 0.4822222222222222 0.49256505576208176 0.026666666666666665 0.055762081784386616
1 0.5733333333333334 0.8810408921933085 0.026666666666666665 0.04460966542750929
1 0.5622222222222222 0.31226765799256506 0.026666666666666665 0.04460966542750929
