1 0.2833333333333333 0.2862453531598513 0.44222222222222224 0.17843866171003717
1 0.25666666666666665 0.6970260223048327 0.3488888888888889 0.4423791821561338
1 0.6988888888888889 0.6877323420074349 0.03333333333333333 0.08921933085501858
1 0.7888888888888889 0.7881040892193308 0.026666666666666665 0.05947955390334572
1 0.6322222222222222 0.8401486988847583 0.028888888888888888 0.05204460966542751
1 0.47888888888888886 0.4869888475836431 0.028888888888888888 0.05204460966542751
1 0.4677777777777778 0.8866171003717471 0.028888888888888888 0.0483271375464684
1 0.3233333333333333 0.395910780669145 0.028888888888888888 0.0483271375464684
1 0.6866666666666666 0.2620817843866171 0.035555555555555556 0.0483271375464684
1 0.7877777777777778 0.8810408921933085 0.024444444444444446 0.04460966542750929
1 0.5055555555555555 0.6635687732342007 0.024444444444444446 0.040892193308550186
1 0.5277777777777778 0.8847583643122676 0.028888888888888888 0.05204460966542751
1 0.6211111111111111 0.7490706319702601 0.1 0.055762081784386616
1 0.6977777777777778 0.35130111524163565 0.026666666666666665 0.0483271375464684
1 0.5777777777777777 0.21747211895910779 0.035555555555555556 0.0483271375464684
