1 0.2966666666666667 0.28810408921933084 0.35777777777777775 0.1821561338289963
1 0.2611111111111111 0.6895910780669144 0.23777777777777778 0.43494423791821557
0 0.3244444444444444 0.8847583643122676 0.022222222222222223 0.04460966542750929
0 0.53 0.8810408921933085 0.024444444444444446 0.04460966542750929
0 0.8066666666666666 0.620817843866171 0.022222222222222223 0.04460966542750929
1 0.59 0.33643122676579923 0.028888888888888888 0.08550185873605948
1 0.7388888888888889 0.31970260223048325 0.028888888888888888 0.05204460966542751
1 0.4122222222222222 0.8438661710037174 0.07333333333333333 0.05947955390334572
1 0.8022222222222222 0.7676579925650557 0.03111111111111111 0.07806691449814127
1 0.6455555555555555 0.35687732342007433 0.028888888888888888 0.04460966542750929
1 0.8544444444444445 0.8420074349442379 0.028888888888888888 0.040892193308550186
1 0.15 0.39776951672862454 0.07333333333333333 0.05204460966542751
1 0.2777777777777778 0.4070631970260223 0.10666666666666666 0.0483271375464684
1 0.4955555555555556 0.8847583643122676 0.026666666666666665 0.04460966542750929
