1 0.28 0.2899628252788104 0.4444444444444444 0.18587360594795538
1 0.2011111111111111 0.4182156133828996 0.2866666666666667 0.09293680297397769
1 0.24888888888888888 0.6635687732342007 0.3288888888888889 0.30855018587360594
1 0.23333333333333334 0.8643122676579925 0.19111111111111112 0.09293680297397769
1 0.6311111111111111 0.8401486988847583 0.026666666666666665 0.04460966542750929
1 0.6955555555555556 0.6933085501858736 0.03111111111111111 0.09293680297397769
1 0.7877777777777778 0.79182156133829 0.028888888888888888 0.05204460966542751
1 0.6833333333333333 0.44423791821561337 0.028888888888888888 0.0483271375464684
1 0.7211111111111111 0.4052044609665427 0.024444444444444446 0.05204460966542751
1 0.5733333333333334 0.8828996282527881 0.026666666666666665 0.0483271375464684
1 0.7866666666666666 0.8847583643122676 0.026666666666666665 0.04460966542750929
1 0.69 0.26765799256505574 0.028888888888888888 0.05204460966542751
1 0.6988888888888889 0.36059479553903345 0.024444444444444446 0.04460966542750929
1 0.8522222222222222 0.3159851301115241 0.028888888888888888 0.04460966542750929
