1 0.28 0.3271375464684015 0.44 0.26022304832713755
1 0.2633333333333333 0.7007434944237918 0.4022222222222222 0.39776951672862454
1 0.7011111111111111 0.6840148698884758 0.042222222222222223 0.0966542750929368
1 0.5266666666666666 0.8828996282527881 0.04 0.0483271375464684
1 0.7877777777777778 0.7862453531598512 0.024444444444444446 0.0483271375464684
1 0.7 0.3494423791821561 0.022222222222222223 0.04460966542750929
1 0.6822222222222222 0.4386617100371747 0.03111111111111111 0.04460966542750929
1 0.6322222222222222 0.8401486988847583 0.028888888888888888 0.04460966542750929
1 0.7811111111111111 0.5055762081784386 0.03777777777777778 0.08178438661710037
1 0.7877777777777778 0.8828996282527881 0.028888888888888888 0.0483271375464684
1 0.8555555555555555 0.3104089219330855 0.03111111111111111 0.0483271375464684
1 0.6188888888888889 0.7063197026022304 0.028888888888888888 0.04460966542750929
1 0.66 0.7527881040892193 0.026666666666666665 0.0483271375464684
1 0.7744444444444445 0.6672862453531598 0.028888888888888888 0.055762081784386616
1 0.5744444444444444 0.8810408921933085 0.028888888888888888 0.05204460966542751
