1 0.2733333333333333 0.2899628252788104 0.3333333333333333 0.18587360594795538
1 0.2588888888888889 0.4014869888475836 0.14444444444444443 0.05204460966542751
1 0.22333333333333333 0.6840148698884758 0.22444444444444445 0.4535315985130111
0 0.18555555555555556 0.3104089219330855 0.024444444444444446 0.0483271375464684
1 0.5833333333333334 0.3104089219330855 0.06 0.137546468401487
1 0.49444444444444446 0.8847583643122676 0.028888888888888888 0.05204460966542751
0 0.8066666666666666 0.620817843866171 0.026666666666666665 0.04460966542750929
0 0.5311111111111111 0.8828996282527881 0.026666666666666665 0.0483271375464684
1 0.8066666666666666 0.7713754646840149 0.04 0.08550185873605948
0 0.32555555555555554 0.8847583643122676 0.024444444444444446 0.05204460966542751
1 0.4122222222222222 0.8438661710037174 0.08666666666666667 0.05204460966542751
1 0.7122222222222222 0.775092936802974 0.04666666666666667 0.08550185873605948
