1 0.24333333333333335 0.241635687732342 0.13111111111111112 0.10408921933085502
1 0.30666666666666664 0.3327137546468401 0.29333333333333333 0.08550185873605948
1 0.2611111111111111 0.395910780669145 0.07777777777777778 0.055762081784386616
1 0.21555555555555556 0.7193308550185873 0.23555555555555555 0.38289962825278806
1 0.42333333333333334 0.8420074349442379 0.08666666666666667 0.0483271375464684
1 0.4955555555555556 0.8810408921933085 0.035555555555555556 0.04460966542750929
1 0.62 0.33643122676579923 0.08888888888888889 0.10780669144981413
1 0.4222222222222222 0.2379182156133829 0.03111111111111111 0.08178438661710037
0 0.5322222222222223 0.879182156133829 0.024444444444444446 0.055762081784386616
0 0.8088888888888889 0.6171003717472119 0.026666666666666665 0.05204460966542751
1 0.8166666666666667 0.7695167286245352 0.03777777777777778 0.08921933085501858
1 0.7511111111111111 0.32899628252788105 0.04888888888888889 0.07806691449814127
