1 0.27555555555555555 0.2899628252788104 0.3466666666666667 0.17843866171003717
1 0.2088888888888889 0.637546468401487 0.2088888888888889 0.5390334572490706
0 0.18777777777777777 0.30855018587360594 0.028888888888888888 0.05204460966542751
0 0.3277777777777778 0.8810408921933085 0.028888888888888888 0.04460966542750929
0 0.5322222222222223 0.8810408921933085 0.024444444444444446 0.04460966542750929
0 0.8077777777777778 0.6133828996282528 0.028888888888888888 0.05204460966542751
1 0.8088888888888889 0.7713754646840149 0.04 0.08550185873605948
1 0.4955555555555556 0.8810408921933085 0.03111111111111111 0.04460966542750929
1 0.6433333333333333 0.35130111524163565 0.028888888888888888 0.040892193308550186
1 0.4033333333333333 0.8215613382899628 0.07777777777777778 0.08921933085501858
1 0.7022222222222222 0.7695167286245352 0.044444444444444446 0.08921933085501858
1 0.76 0.3308550185873606 0.06222222222222222 0.08921933085501858
1 0.5911111111111111 0.3308550185873606 0.04 0.0966542750929368
