1 0.3211111111111111 0.2862453531598513 0.4111111111111111 0.17843866171003717
1 0.30777777777777776 0.637546468401487 0.34 0.5241635687732342
1 0.6977777777777778 0.6858736059479553 0.035555555555555556 0.08550185873605948
1 0.57 0.22490706319702602 0.024444444444444446 0.0483271375464684
1 0.7388888888888889 0.379182156133829 0.13111111111111112 0.10408921933085502
1 0.7866666666666666 0.7936802973977695 0.026666666666666665 0.0483271375464684
1 0.5822222222222222 0.8828996282527881 0.026666666666666665 0.040892193308550186
1 0.7855555555555556 0.8847583643122676 0.028888888888888888 0.04460966542750929
1 0.61 0.7509293680297398 0.08666666666666667 0.05204460966542751
1 0.7711111111111111 0.671003717472119 0.03111111111111111 0.0483271375464684
1 0.7722222222222223 0.49256505576208176 0.028888888888888888 0.0483271375464684
