1 0.2877777777777778 0.33457249070631967 0.33555555555555555 0.26022304832713755
1 0.29 0.604089219330855 0.2288888888888889 0.2788104089219331
1 0.3322222222222222 0.8234200743494423 0.20222222222222222 0.17472118959107805
1 0.6133333333333333 0.33643122676579923 0.08 0.09293680297397769
1 0.71 0.2657992565055762 0.03777777777777778 0.040892193308550186
1 0.7566666666666667 0.33457249070631967 0.07777777777777778 0.08921933085501858
1 0.81 0.7788104089219331 0.04666666666666667 0.07806691449814127
0 0.8066666666666666 0.6226765799256505 0.026666666666666665 0.0483271375464684
0 0.5311111111111111 0.8866171003717471 0.026666666666666665 0.0483271375464684
0 0.18777777777777777 0.3159851301115241 0.024444444444444446 0.04460966542750929
0 0.32555555555555554 0.8884758364312267 0.024444444444444446 0.03717472118959107
