1 0.29888888888888887 0.29182156133828996 0.32666666666666666 0.1821561338289963
1 0.2511111111111111 0.5520446096654275 0.20444444444444446 0.3531598513011152
1 0.29333333333333333 0.8104089219330854 0.13333333333333333 0.18587360594795538
1 0.4955555555555556 0.8828996282527881 0.04888888888888889 0.055762081784386616
1 0.40444444444444444 0.8364312267657992 0.08444444444444445 0.12639405204460966
1 0.62 0.3327137546468401 0.08888888888888889 0.08550185873605948
1 0.7022222222222222 0.2620817843866171 0.03111111111111111 0.0483271375464684
1 0.8177777777777778 0.7657992565055761 0.057777777777777775 0.08178438661710037
0 0.8088888888888889 0.6152416356877323 0.026666666666666665 0.0483271375464684
1 0.7511111111111111 0.3104089219330855 0.03111111111111111 0.0483271375464684
0 0.5344444444444444 0.8773234200743494 0.024444444444444446 0.04460966542750929
0 0.19 0.3104089219330855 0.024444444444444446 0.0483271375464684
0 0.33 0.8828996282527881 0.024444444444444446 0.040892193308550186
1 0.7033333333333334 0.7267657992565055 0.04666666666666667 0.08550185873605948
