1 0.06111111111111111 0.3661710037174721 0.028888888888888888 0.0483271375464684
0 0.06444444444444444 0.44609665427509293 0.026666666666666665 0.03717472118959107
1 0.06 0.620817843866171 0.022222222222222223 0.04460966542750929
0 0.11444444444444445 0.5371747211895911 0.042222222222222223 0.0483271375464684
0 0.15444444444444444 0.44609665427509293 0.024444444444444446 0.04460966542750929
0 0.18777777777777777 0.49814126394052044 0.024444444444444446 0.05204460966542751
0 0.2611111111111111 0.533457249070632 0.024444444444444446 0.040892193308550186
0 0.8422222222222222 0.40892193308550184 0.022222222222222223 0.04460966542750929
0 0.88 0.4144981412639405 0.026666666666666665 0.0483271375464684
0 0.8766666666666667 0.5390334572490706 0.024444444444444446 0.04460966542750929
0 0.9188888888888889 0.5408921933085502 0.024444444444444446 0.0483271375464684
1 0.6488888888888888 0.6747211895910781 0.026666666666666665 0.040892193308550186
1 0.7344444444444445 0.362453531598513 0.024444444444444446 0.040892193308550186
