1 0.31444444444444447 0.5557620817843866 0.37555555555555553 0.6877323420074349
1 0.7011111111111111 0.6895910780669144 0.042222222222222223 0.08550185873605948
1 0.5722222222222222 0.8828996282527881 0.028888888888888888 0.0483271375464684
1 0.7844444444444444 0.79182156133829 0.026666666666666665 0.05204460966542751
1 0.7855555555555556 0.8847583643122676 0.028888888888888888 0.04460966542750929
1 0.82 0.7546468401486989 0.026666666666666665 0.04460966542750929
1 0.5766666666666667 0.22490706319702602 0.028888888888888888 0.040892193308550186
1 0.69 0.3141263940520446 0.051111111111111114 0.137546468401487
1 0.7455555555555555 0.49256505576208176 0.08666666666666667 0.0483271375464684
1 0.6288888888888889 0.8401486988847583 0.03111111111111111 0.04460966542750929
