1 0.3088888888888889 0.2955390334572491 0.36444444444444446 0.1821561338289963
1 0.26 0.6449814126394052 0.2577777777777778 0.5315985130111524
1 0.41333333333333333 0.8420074349442379 0.06222222222222222 0.0483271375464684
1 0.49666666666666665 0.8884758364312267 0.024444444444444446 0.04460966542750929
0 0.5322222222222223 0.8828996282527881 0.024444444444444446 0.040892193308550186
0 0.6455555555555555 0.5390334572490706 0.024444444444444446 0.03717472118959107
0 0.8 0.5130111524163569 0.03111111111111111 0.08178438661710037
0 0.8044444444444444 0.6245353159851301 0.026666666666666665 0.04460966542750929
1 0.8055555555555556 0.7732342007434944 0.03333333333333333 0.08178438661710037
1 0.6166666666666667 0.3420074349442379 0.08666666666666667 0.08178438661710037
1 0.8544444444444445 0.845724907063197 0.028888888888888888 0.0483271375464684
