1 0.28444444444444444 0.5557620817843866 0.3288888888888889 0.7026022304832713
1 0.6177777777777778 0.32899628252788105 0.08444444444444445 0.09293680297397769
1 0.7611111111111111 0.3271375464684015 0.05555555555555555 0.08921933085501858
1 0.8088888888888889 0.7657992565055761 0.044444444444444446 0.08921933085501858
1 0.49444444444444446 0.8773234200743494 0.03777777777777778 0.05204460966542751
0 0.6455555555555555 0.5315985130111524 0.024444444444444446 0.04460966542750929
0 0.8033333333333333 0.5037174721189591 0.028888888888888888 0.08550185873605948
0 0.8066666666666666 0.6171003717472119 0.026666666666666665 0.04460966542750929
0 0.5311111111111111 0.879182156133829 0.026666666666666665 0.0483271375464684
1 0.8544444444444445 0.8364312267657992 0.024444444444444446 0.04460966542750929
1 0.4911111111111111 0.49256505576208176 0.026666666666666665 0.055762081784386616
