1 0.28 0.5520446096654275 0.4444444444444444 0.7026022304832713
1 0.6988888888888889 0.6970260223048327 0.03777777777777778 0.1003717472118959
1 0.7866666666666666 0.7936802973977695 0.03111111111111111 0.0483271375464684
1 0.7977777777777778 0.5371747211895911 0.03111111111111111 0.055762081784386616
1 0.7 0.3587360594795539 0.03111111111111111 0.055762081784386616
1 0.7855555555555556 0.8847583643122676 0.024444444444444446 0.04460966542750929
1 0.6244444444444445 0.8605947955390334 0.03111111111111111 0.07806691449814127
0 0.6433333333333333 0.533457249070632 0.028888888888888888 0.040892193308550186
1 0.6188888888888889 0.241635687732342 0.14444444444444443 0.08178438661710037
1 0.5555555555555556 0.3550185873605948 0.026666666666666665 0.0483271375464684
1 0.8522222222222222 0.3178438661710037 0.028888888888888888 0.040892193308550186
