1 0.6966666666666667 0.6914498141263941 0.03333333333333333 0.08178438661710037
1 0.7833333333333333 0.79182156133829 0.024444444444444446 0.05204460966542751
1 0.30666666666666664 0.30855018587360594 0.38666666666666666 0.20817843866171004
1 0.24888888888888888 0.5278810408921932 0.28 0.2453531598513011
1 0.27444444444444444 0.7806691449814126 0.32222222222222224 0.2527881040892193
1 0.5211111111111111 0.8866171003717471 0.14 0.06319702602230483
1 0.6444444444444445 0.5371747211895911 0.035555555555555556 0.0483271375464684
1 0.8022222222222222 0.5371747211895911 0.026666666666666665 0.055762081784386616
1 0.7855555555555556 0.8847583643122676 0.028888888888888888 0.04460966542750929
0 0.84 0.44423791821561337 0.026666666666666665 0.0483271375464684
1 0.63 0.8438661710037174 0.028888888888888888 0.04460966542750929
1 0.6977777777777778 0.3587360594795539 0.026666666666666665 0.0483271375464684
1 0.6255555555555555 0.24721189591078066 0.14 0.09293680297397769
