1 0.31777777777777777 0.5520446096654275 0.38222222222222224 0.724907063197026
1 0.6433333333333333 0.5111524163568772 0.028888888888888888 0.08550185873605948
1 0.6933333333333334 0.6821561338289962 0.03111111111111111 0.09293680297397769
1 0.6322222222222222 0.8420074349442379 0.028888888888888888 0.0483271375464684
1 0.7888888888888889 0.79182156133829 0.026666666666666665 0.05204460966542751
1 0.7866666666666666 0.8754646840148699 0.026666666666666665 0.0483271375464684
1 0.8544444444444445 0.30855018587360594 0.024444444444444446 0.04460966542750929
0 0.8422222222222222 0.4386617100371747 0.022222222222222223 0.04460966542750929
1 0.8055555555555556 0.5315985130111524 0.028888888888888888 0.05204460966542751
1 0.7188888888888889 0.48884758364312264 0.028888888888888888 0.040892193308550186
