1 0.3111111111111111 0.550185873605948 0.38222222222222224 0.6988847583643122
1 0.6955555555555556 0.6933085501858736 0.03111111111111111 0.08550185873605948
1 0.7855555555555556 0.7936802973977695 0.024444444444444446 0.06319702602230483
1 0.7822222222222223 0.8866171003717471 0.026666666666666665 0.0483271375464684
1 0.5711111111111111 0.8884758364312267 0.026666666666666665 0.04460966542750929
1 0.6966666666666667 0.36059479553903345 0.03777777777777778 0.05204460966542751
1 0.7177777777777777 0.49814126394052044 0.026666666666666665 0.04460966542750929
1 0.7833333333333333 0.5148698884758364 0.03333333333333333 0.07806691449814127
1 0.6288888888888889 0.8438661710037174 0.03111111111111111 0.05204460966542751
1 0.6833333333333333 0.7788104089219331 0.028888888888888888 0.09293680297397769
1 0.5711111111111111 0.22676579925650556 0.026666666666666665 0.05204460966542751
