1 0.3111111111111111 0.5483271375464683 0.38666666666666666 0.7026022304832713
1 0.6944444444444444 0.6877323420074349 0.03333333333333333 0.08921933085501858
1 0.7888888888888889 0.7881040892193308 0.026666666666666665 0.05947955390334572
1 0.6155555555555555 0.7657992565055761 0.08 0.08921933085501858
1 0.8066666666666666 0.5315985130111524 0.03111111111111111 0.05204460966542751
1 0.6322222222222222 0.8420074349442379 0.024444444444444446 0.0483271375464684
1 0.8522222222222222 0.30855018587360594 0.028888888888888888 0.04460966542750929
1 0.6955555555555556 0.3550185873605948 0.026666666666666665 0.0483271375464684
1 0.6288888888888889 0.2639405204460966 0.026666666666666665 0.05204460966542751
1 0.7733333333333333 0.6654275092936802 0.026666666666666665 0.05204460966542751
