1 0.3055555555555556 0.5929368029739777 0.35333333333333333 0.6282527881040892
1 0.6966666666666667 0.6877323420074349 0.03333333333333333 0.0966542750929368
1 0.7855555555555556 0.7862453531598512 0.024444444444444446 0.055762081784386616
1 0.5722222222222222 0.8810408921933085 0.028888888888888888 0.04460966542750929
1 0.3566666666666667 0.21561338289962825 0.04666666666666667 0.04460966542750929
1 0.42666666666666664 0.2137546468401487 0.03111111111111111 0.040892193308550186
1 0.7855555555555556 0.8773234200743494 0.028888888888888888 0.04460966542750929
1 0.6277777777777778 0.8382899628252788 0.024444444444444446 0.0483271375464684
1 0.7288888888888889 0.4851301115241635 0.026666666666666665 0.055762081784386616
1 0.5444444444444444 0.3494423791821561 0.026666666666666665 0.04460966542750929
1 0.6933333333333334 0.3494423791821561 0.03111111111111111 0.04460966542750929
1 0.6711111111111111 0.7472118959107806 0.05333333333333333 0.04460966542750929
1 0.6911111111111111 0.8364312267657992 0.026666666666666665 0.04460966542750929
1 0.5988888888888889 0.7453531598513011 0.03777777777777778 0.0483271375464684
