1 0.3211111111111111 0.3159851301115241 0.37555555555555553 0.21561338289962825
1 0.28888888888888886 0.7063197026022304 0.28444444444444444 0.3940520446096654
1 0.6955555555555556 0.6895910780669144 0.03111111111111111 0.08550185873605948
1 0.7866666666666666 0.7899628252788103 0.026666666666666665 0.0483271375464684
1 0.8022222222222222 0.533457249070632 0.026666666666666665 0.0483271375464684
0 0.6444444444444445 0.533457249070632 0.026666666666666665 0.0483271375464684
1 0.5722222222222222 0.8828996282527881 0.024444444444444446 0.0483271375464684
1 0.7833333333333333 0.8810408921933085 0.028888888888888888 0.04460966542750929
1 0.47888888888888886 0.8420074349442379 0.024444444444444446 0.0483271375464684
1 0.6044444444444445 0.22862453531598512 0.09333333333333334 0.055762081784386616
1 0.77 0.4907063197026022 0.028888888888888888 0.05204460966542751
