1 0.29 0.2955390334572491 0.3622222222222222 0.1821561338289963
1 0.21888888888888888 0.6412639405204461 0.2111111111111111 0.5241635687732342
1 0.6155555555555555 0.3308550185873606 0.08444444444444445 0.08921933085501858
1 0.7611111111111111 0.3327137546468401 0.06888888888888889 0.09293680297397769
1 0.41444444444444445 0.8475836431226765 0.07777777777777778 0.05204460966542751
1 0.49444444444444446 0.8828996282527881 0.028888888888888888 0.0483271375464684
0 0.5288888888888889 0.8810408921933085 0.026666666666666665 0.04460966542750929
0 0.6455555555555555 0.5315985130111524 0.024444444444444446 0.04460966542750929
0 0.8022222222222222 0.5111524163568772 0.026666666666666665 0.08550185873605948
0 0.8044444444444444 0.6171003717472119 0.026666666666666665 0.04460966542750929
1 0.8 0.7546468401486989 0.026666666666666665 0.04460966542750929
