1 0.29444444444444445 0.5520446096654275 0.3622222222222222 0.7100371747211895
1 0.5066666666666667 0.8847583643122676 0.022222222222222223 0.04460966542750929
0 0.5311111111111111 0.8828996282527881 0.026666666666666665 0.040892193308550186
0 0.8044444444444444 0.5092936802973977 0.03111111111111111 0.08921933085501858
0 0.6444444444444445 0.5297397769516728 0.026666666666666665 0.040892193308550186
0 0.8077777777777778 0.6189591078066914 0.024444444444444446 0.0483271375464684
1 0.8088888888888889 0.7657992565055761 0.04 0.07434944237918215
1 0.8544444444444445 0.8401486988847583 0.024444444444444446 0.05204460966542751
1 0.6333333333333333 0.24721189591078066 0.035555555555555556 0.09293680297397769
1 0.61 0.3327137546468401 0.10444444444444445 0.09293680297397769
1 0.7566666666666667 0.33457249070631967 0.07333333333333333 0.08921933085501858
1 0.7788888888888889 0.23977695167286245 0.028888888888888888 0.09293680297397769
1 0.7077777777777777 0.7695167286245352 0.03333333333333333 0.08921933085501858
1 0.7044444444444444 0.48884758364312264 0.026666666666666665 0.0483271375464684
1 0.5877777777777777 0.6226765799256505 0.028888888888888888 0.0483271375464684
