1 0.2777777777777778 0.2862453531598513 0.44 0.1933085501858736
1 0.25333333333333335 0.6468401486988847 0.39555555555555555 0.5353159851301115
1 0.6955555555555556 0.6895910780669144 0.03111111111111111 0.09293680297397769
1 0.7844444444444444 0.8866171003717471 0.026666666666666665 0.0483271375464684
1 0.7055555555555556 0.3587360594795539 0.028888888888888888 0.0483271375464684
1 0.7866666666666666 0.7936802973977695 0.026666666666666665 0.055762081784386616
1 0.7711111111111111 0.4962825278810409 0.026666666666666665 0.055762081784386616
1 0.8522222222222222 0.3159851301115241 0.028888888888888888 0.05204460966542751
1 0.6811111111111111 0.2657992565055762 0.028888888888888888 0.0483271375464684
1 0.6044444444444445 0.2453531598513011 0.09333333333333334 0.10408921933085502
1 0.5777777777777777 0.8643122676579925 0.03111111111111111 0.09293680297397769
1 0.8177777777777778 0.7527881040892193 0.03111111111111111 0.0483271375464684
1 0.63 0.8420074349442379 0.03333333333333333 0.0483271375464684
0 0.6444444444444445 0.533457249070632 0.026666666666666665 0.055762081784386616
1 0.8022222222222222 0.5371747211895911 0.03111111111111111 0.055762081784386616
1 0.4766666666666667 0.44423791821561337 0.028888888888888888 0.0483271375464684
1 0.47888888888888886 0.8438661710037174 0.024444444444444446 0.05204460966542751
1 0.6833333333333333 0.4219330855018587 0.03777777777777778 0.09293680297397769
