1 0.2877777777777778 0.29182156133828996 0.45555555555555555 0.1821561338289963
1 0.23222222222222222 0.6431226765799256 0.35777777777777775 0.5353159851301115
1 0.4822222222222222 0.5111524163568772 0.03111111111111111 0.08550185873605948
1 0.4811111111111111 0.7657992565055761 0.13555555555555557 0.28252788104089216
1 0.6944444444444444 0.6858736059479553 0.028888888888888888 0.09293680297397769
1 0.5733333333333334 0.8866171003717471 0.035555555555555556 0.0483271375464684
1 0.63 0.8401486988847583 0.028888888888888888 0.04460966542750929
1 0.7877777777777778 0.7899628252788103 0.028888888888888888 0.0483271375464684
1 0.7911111111111111 0.8643122676579925 0.044444444444444446 0.08550185873605948
1 0.8033333333333333 0.5371747211895911 0.03333333333333333 0.06319702602230483
1 0.6722222222222223 0.3308550185873606 0.3 0.0966542750929368
1 0.8522222222222222 0.31226765799256506 0.028888888888888888 0.05204460966542751
1 0.6966666666666667 0.42007434944237915 0.051111111111111114 0.0966542750929368
0 0.6455555555555555 0.5353159851301115 0.028888888888888888 0.05204460966542751
1 0.6155555555555555 0.7286245353159851 0.04 0.08921933085501858
