1 0.2577777777777778 0.28252788104089216 0.38666666666666666 0.17100371747211895
1 0.21666666666666667 0.4182156133828996 0.2288888888888889 0.09293680297397769
1 0.22777777777777777 0.6840148698884758 0.2733333333333333 0.44609665427509293
1 0.6155555555555555 0.3327137546468401 0.07555555555555556 0.08550185873605948
1 0.6344444444444445 0.24349442379182154 0.03777777777777778 0.09293680297397769
1 0.41555555555555557 0.8568773234200743 0.08444444444444445 0.08550185873605948
1 0.49444444444444446 0.8828996282527881 0.028888888888888888 0.0483271375464684
1 0.8133333333333334 0.7732342007434944 0.04888888888888889 0.08178438661710037
1 0.5344444444444444 0.620817843866171 0.2733333333333333 0.05947955390334572
1 0.6688888888888889 0.8420074349442379 0.03111111111111111 0.0483271375464684
1 0.8544444444444445 0.845724907063197 0.028888888888888888 0.0483271375464684
1 0.75 0.3308550185873606 0.09111111111111111 0.0966542750929368
1 0.4866666666666667 0.5074349442379182 0.035555555555555556 0.09293680297397769
0 0.53 0.879182156133829 0.024444444444444446 0.040892193308550186
0 0.6466666666666666 0.5315985130111524 0.026666666666666665 0.05204460966542751
0 0.8033333333333333 0.5130111524163569 0.028888888888888888 0.08921933085501858
0 0.8066666666666666 0.6189591078066914 0.026666666666666665 0.0483271375464684
1 0.7044444444444444 0.7527881040892193 0.03111111111111111 0.0483271375464684
1 0.7055555555555556 0.49256505576208176 0.028888888888888888 0.0483271375464684
1 0.4822222222222222 0.3327137546468401 0.06666666666666667 0.07806691449814127
