1 0.28 0.2843866171003717 0.36444444444444446 0.1895910780669145
1 0.58 0.33643122676579923 0.17333333333333334 0.09293680297397769
1 0.22444444444444445 0.4163568773234201 0.2088888888888889 0.0966542750929368
1 0.22666666666666666 0.6765799256505576 0.26222222222222225 0.4312267657992565
1 0.43666666666666665 0.8420074349442379 0.14888888888888888 0.137546468401487
1 0.8177777777777778 0.7676579925650557 0.06222222222222222 0.08550185873605948
1 0.5933333333333334 0.6171003717472119 0.035555555555555556 0.05204460966542751
1 0.7677777777777778 0.3308550185873606 0.07333333333333333 0.08921933085501858
1 0.7833333333333333 0.2620817843866171 0.028888888888888888 0.0483271375464684
1 0.7066666666666667 0.4851301115241635 0.026666666666666665 0.0483271375464684
1 0.4988888888888889 0.5037174721189591 0.03333333333333333 0.09293680297397769
1 0.5966666666666667 0.862453531598513 0.06 0.08921933085501858
0 0.6488888888888888 0.5297397769516728 0.026666666666666665 0.0483271375464684
0 0.8077777777777778 0.5074349442379182 0.03333333333333333 0.08550185873605948
0 0.81 0.6152416356877323 0.024444444444444446 0.0483271375464684
0 0.5344444444444444 0.8773234200743494 0.028888888888888888 0.04460966542750929
1 0.8566666666666667 0.8382899628252788 0.028888888888888888 0.0483271375464684
1 0.5911111111111111 0.2620817843866171 0.03111111111111111 0.055762081784386616
1 0.7055555555555556 0.7509293680297398 0.028888888888888888 0.05204460966542751
