1 0.33111111111111113 0.2862453531598513 0.44 0.18587360594795538
1 0.2833333333333333 0.6802973977695167 0.33111111111111113 0.4386617100371747
1 0.2688888888888889 0.4219330855018587 0.24 0.11524163568773234
1 0.6733333333333333 0.3104089219330855 0.026666666666666665 0.0483271375464684
1 0.6988888888888889 0.35687732342007433 0.028888888888888888 0.05204460966542751
1 0.7722222222222223 0.4907063197026022 0.028888888888888888 0.05204460966542751
1 0.7033333333333334 0.6895910780669144 0.03777777777777778 0.09293680297397769
1 0.7855555555555556 0.7899628252788103 0.028888888888888888 0.0483271375464684
1 0.7844444444444444 0.8828996282527881 0.026666666666666665 0.040892193308550186
1 0.5822222222222222 0.8847583643122676 0.03111111111111111 0.04460966542750929
1 0.8177777777777778 0.7527881040892193 0.03111111111111111 0.0483271375464684
1 0.46555555555555556 0.8866171003717471 0.028888888888888888 0.055762081784386616
1 0.47555555555555556 0.4423791821561338 0.03111111111111111 0.05204460966542751
0 0.6444444444444445 0.533457249070632 0.026666666666666665 0.0483271375464684
1 0.5177777777777778 0.7137546468401487 0.03111111111111111 0.04460966542750929
1 0.63 0.8420074349442379 0.028888888888888888 0.0483271375464684
1 0.8033333333333333 0.5353159851301115 0.028888888888888888 0.05204460966542751
1 0.7633333333333333 0.3327137546468401 0.03333333333333333 0.09293680297397769
1 0.5955555555555555 0.3141263940520446 0.03111111111111111 0.055762081784386616
1 0.5766666666666667 0.22490706319702602 0.03333333333333333 0.055762081784386616
