1 0.31 0.3327137546468401 0.3977777777777778 0.27137546468401486
1 0.2866666666666667 0.6914498141263941 0.30666666666666664 0.44609665427509293
1 0.4811111111111111 0.4962825278810409 0.024444444444444446 0.0483271375464684
1 0.6988888888888889 0.3643122676579926 0.028888888888888888 0.05204460966542751
1 0.6822222222222222 0.2695167286245353 0.03111111111111111 0.0483271375464684
1 0.6977777777777778 0.6951672862453532 0.035555555555555556 0.08921933085501858
1 0.6677777777777778 0.758364312267658 0.042222222222222223 0.04460966542750929
1 0.6322222222222222 0.845724907063197 0.028888888888888888 0.0483271375464684
1 0.5722222222222222 0.8847583643122676 0.024444444444444446 0.05204460966542751
1 0.7888888888888889 0.8866171003717471 0.026666666666666665 0.0483271375464684
1 0.7866666666666666 0.7955390334572491 0.026666666666666665 0.04460966542750929
1 0.7766666666666666 0.4070631970260223 0.028888888888888888 0.0483271375464684
1 0.7744444444444445 0.4962825278810409 0.028888888888888888 0.0483271375464684
1 0.4922222222222222 0.7769516728624535 0.09111111111111111 0.08178438661710037
1 0.7233333333333334 0.4070631970260223 0.03333333333333333 0.055762081784386616
1 0.5777777777777777 0.22862453531598512 0.03111111111111111 0.0483271375464684
1 0.7744444444444445 0.671003717472119 0.028888888888888888 0.0483271375464684
1 0.6077777777777778 0.7379182156133829 0.042222222222222223 0.1003717472118959
0 0.16777777777777778 0.6245353159851301 0.028888888888888888 0.04460966542750929
