1 0.30777777777777776 0.28252788104089216 0.3977777777777778 0.17843866171003717
1 0.23 0.4107806691449814 0.2288888888888889 0.09293680297397769
1 0.2733333333333333 0.7007434944237918 0.3288888888888889 0.42007434944237915
1 0.5244444444444445 0.862453531598513 0.1288888888888889 0.08921933085501858
1 0.5111111111111111 0.7286245353159851 0.057777777777777775 0.16356877323420074
1 0.7 0.6821561338289962 0.04 0.09293680297397769
1 0.6177777777777778 0.7676579925650557 0.08888888888888889 0.07806691449814127
1 0.6311111111111111 0.8364312267657992 0.026666666666666665 0.05204460966542751
1 0.7888888888888889 0.7881040892193308 0.026666666666666665 0.05204460966542751
1 0.8288888888888889 0.7323420074349442 0.04 0.08921933085501858
1 0.7866666666666666 0.879182156133829 0.026666666666666665 0.040892193308550186
1 0.8055555555555556 0.5278810408921932 0.028888888888888888 0.05204460966542751
0 0.6455555555555555 0.5315985130111524 0.028888888888888888 0.04460966542750929
1 0.6811111111111111 0.25650557620817843 0.03333333333333333 0.05204460966542751
1 0.47888888888888886 0.4386617100371747 0.024444444444444446 0.04460966542750929
1 0.6655555555555556 0.3494423791821561 0.26 0.05204460966542751
1 0.7211111111111111 0.395910780669145 0.03333333333333333 0.0483271375464684
1 0.7733333333333333 0.6635687732342007 0.03111111111111111 0.0483271375464684
1 0.8544444444444445 0.3066914498141264 0.028888888888888888 0.0483271375464684
1 0.4822222222222222 0.48884758364312264 0.03111111111111111 0.055762081784386616
