1 0.3055555555555556 0.2899628252788104 0.3933333333333333 0.18587360594795538
1 0.5555555555555556 0.3494423791821561 0.026666666666666665 0.05204460966542751
1 0.5666666666666667 0.21561338289962825 0.026666666666666665 0.05204460966542751
1 0.6933333333333334 0.2379182156133829 0.04888888888888889 0.0966542750929368
1 0.6777777777777778 0.32899628252788105 0.09333333333333334 0.1003717472118959
1 0.24666666666666667 0.4219330855018587 0.26222222222222225 0.1003717472118959
1 0.47555555555555556 0.43680297397769513 0.026666666666666665 0.0483271375464684
1 0.6977777777777778 0.40892193308550184 0.06222222222222222 0.08921933085501858
1 0.29333333333333333 0.7044609665427509 0.36444444444444446 0.4052044609665427
1 0.5977777777777777 0.8587360594795539 0.2222222222222222 0.08178438661710037
1 0.5833333333333334 0.7713754646840149 0.20222222222222222 0.08550185873605948
1 0.6988888888888889 0.6877323420074349 0.03777777777777778 0.0966542750929368
1 0.7855555555555556 0.7862453531598512 0.024444444444444446 0.0483271375464684
1 0.7833333333333333 0.879182156133829 0.03333333333333333 0.040892193308550186
1 0.8155555555555556 0.7490706319702601 0.03111111111111111 0.040892193308550186
1 0.7844444444444444 0.5260223048327137 0.026666666666666665 0.0483271375464684
