1 0.29 0.28810408921933084 0.3622222222222222 0.16728624535315983
1 0.2788888888888889 0.6858736059479553 0.2511111111111111 0.43494423791821557
1 0.22666666666666666 0.42007434944237915 0.21333333333333332 0.0966542750929368
1 0.46444444444444444 0.862453531598513 0.11555555555555555 0.08178438661710037
1 0.5911111111111111 0.33457249070631967 0.035555555555555556 0.08921933085501858
1 0.6455555555555555 0.35687732342007433 0.028888888888888888 0.05204460966542751
1 0.7122222222222222 0.7732342007434944 0.042222222222222223 0.08178438661710037
1 0.8088888888888889 0.7713754646840149 0.044444444444444446 0.08550185873605948
1 0.5833333333333334 0.6171003717472119 0.028888888888888888 0.04460966542750929
1 0.7511111111111111 0.3308550185873606 0.04888888888888889 0.08921933085501858
1 0.5355555555555556 0.8420074349442379 0.026666666666666665 0.0483271375464684
0 0.53 0.8810408921933085 0.028888888888888888 0.04460966542750929
0 0.6455555555555555 0.5297397769516728 0.024444444444444446 0.0483271375464684
0 0.8022222222222222 0.5111524163568772 0.03111111111111111 0.08550185873605948
0 0.8066666666666666 0.6189591078066914 0.026666666666666665 0.040892193308550186
1 0.7777777777777778 0.24349442379182154 0.035555555555555556 0.09293680297397769
1 0.4633333333333333 0.49256505576208176 0.09555555555555556 0.0483271375464684
1 0.8544444444444445 0.8438661710037174 0.03333333333333333 0.04460966542750929
1 0.7588888888888888 0.8438661710037174 0.024444444444444446 0.05204460966542751
1 0.7044444444444444 0.4944237918215613 0.03111111111111111 0.04460966542750929
