1 0.28444444444444444 0.2862453531598513 0.3377777777777778 0.17100371747211895
1 0.4922222222222222 0.32899628252788105 0.08666666666666667 0.08550185873605948
1 0.5966666666666667 0.32899628252788105 0.03777777777777778 0.08550185873605948
1 0.6377777777777778 0.241635687732342 0.035555555555555556 0.0966542750929368
1 0.64 0.3494423791821561 0.026666666666666665 0.04460966542750929
1 0.23555555555555555 0.5111524163568772 0.25333333333333335 0.27137546468401486
1 0.31333333333333335 0.775092936802974 0.39111111111111113 0.25650557620817843
0 0.5311111111111111 0.879182156133829 0.026666666666666665 0.040892193308550186
0 0.6455555555555555 0.533457249070632 0.024444444444444446 0.0483271375464684
0 0.8033333333333333 0.5055762081784386 0.028888888888888888 0.08921933085501858
0 0.8055555555555556 0.6171003717472119 0.028888888888888888 0.05204460966542751
1 0.8077777777777778 0.7695167286245352 0.051111111111111114 0.08921933085501858
1 0.7477777777777778 0.3271375464684015 0.051111111111111114 0.08921933085501858
1 0.5888888888888889 0.8438661710037174 0.03111111111111111 0.05947955390334572
1 0.7122222222222222 0.7490706319702601 0.024444444444444446 0.040892193308550186
1 0.7788888888888889 0.25650557620817843 0.028888888888888888 0.04460966542750929
1 0.8544444444444445 0.8401486988847583 0.028888888888888888 0.04460966542750929
1 0.5844444444444444 0.6152416356877323 0.026666666666666665 0.040892193308550186
