1 0.2833333333333333 0.28810408921933084 0.45111111111111113 0.1895910780669145
1 0.22444444444444445 0.42379182156133827 0.31555555555555553 0.0966542750929368
1 0.26555555555555554 0.6988847583643122 0.35333333333333333 0.4014869888475836
1 0.48 0.4646840148698885 0.035555555555555556 0.08921933085501858
1 0.7788888888888889 0.5074349442379182 0.042222222222222223 0.08550185873605948
1 0.6966666666666667 0.6877323420074349 0.03333333333333333 0.0966542750929368
1 0.4666666666666667 0.8810408921933085 0.026666666666666665 0.04460966542750929
1 0.7866666666666666 0.7899628252788103 0.026666666666666665 0.0483271375464684
1 0.8177777777777778 0.7527881040892193 0.026666666666666665 0.0483271375464684
0 0.6444444444444445 0.533457249070632 0.03111111111111111 0.0483271375464684
1 0.6611111111111111 0.2899628252788104 0.2511111111111111 0.18587360594795538
1 0.5744444444444444 0.8828996282527881 0.028888888888888888 0.0483271375464684
1 0.7844444444444444 0.8847583643122676 0.03111111111111111 0.04460966542750929
1 0.49 0.7546468401486989 0.028888888888888888 0.04460966542750929
1 0.6911111111111111 0.42007434944237915 0.044444444444444446 0.08921933085501858
1 0.7733333333333333 0.6691449814126393 0.03111111111111111 0.05204460966542751
1 0.63 0.8420074349442379 0.028888888888888888 0.0483271375464684
1 0.6933333333333334 0.8438661710037174 0.03111111111111111 0.05204460966542751
