1 0.2822222222222222 0.2843866171003717 0.4444444444444444 0.1895910780669145
1 0.21444444444444444 0.4256505576208178 0.3088888888888889 0.1003717472118959
1 0.25666666666666665 0.6895910780669144 0.3622222222222222 0.4423791821561338
1 0.4822222222222222 0.5055762081784386 0.03111111111111111 0.08921933085501858
1 0.7033333333333334 0.35130111524163565 0.04666666666666667 0.0483271375464684
1 0.6822222222222222 0.241635687732342 0.044444444444444446 0.08921933085501858
1 0.6955555555555556 0.6858736059479553 0.03111111111111111 0.08550185873605948
1 0.4677777777777778 0.8828996282527881 0.028888888888888888 0.0483271375464684
1 0.7877777777777778 0.79182156133829 0.028888888888888888 0.04460966542750929
0 0.6444444444444445 0.5278810408921932 0.026666666666666665 0.04460966542750929
1 0.6411111111111111 0.8364312267657992 0.024444444444444446 0.04460966542750929
1 0.7822222222222223 0.5074349442379182 0.044444444444444446 0.08550185873605948
1 0.5744444444444444 0.879182156133829 0.024444444444444446 0.040892193308550186
1 0.8522222222222222 0.3066914498141264 0.028888888888888888 0.040892193308550186
1 0.7866666666666666 0.879182156133829 0.026666666666666665 0.040892193308550186
1 0.5811111111111111 0.7695167286245352 0.2111111111111111 0.08921933085501858
1 0.5433333333333333 0.42007434944237915 0.042222222222222223 0.08178438661710037
