1 0.31222222222222223 0.29182156133828996 0.3933333333333333 0.17472118959107805
1 0.6022222222222222 0.22304832713754646 0.08444444444444445 0.04460966542750929
1 0.6533333333333333 0.26022304832713755 0.09777777777777778 0.05947955390334572
1 0.6922222222222222 0.33643122676579923 0.06 0.08550185873605948
1 0.26666666666666666 0.42379182156133827 0.22666666666666666 0.08921933085501858
1 0.3244444444444444 0.6840148698884758 0.37777777777777777 0.4386617100371747
1 0.7 0.6914498141263941 0.04 0.08921933085501858
1 0.6311111111111111 0.8420074349442379 0.03111111111111111 0.040892193308550186
1 0.5955555555555555 0.8828996282527881 0.07555555555555556 0.0483271375464684
1 0.7988888888888889 0.5557620817843866 0.03333333333333333 0.09293680297397769
1 0.7866666666666666 0.79182156133829 0.026666666666666665 0.05947955390334572
1 0.7833333333333333 0.8828996282527881 0.028888888888888888 0.040892193308550186
1 0.8177777777777778 0.7509293680297398 0.026666666666666665 0.04460966542750929
1 0.6822222222222222 0.4219330855018587 0.03111111111111111 0.09293680297397769
1 0.6855555555555556 0.7527881040892193 0.028888888888888888 0.0483271375464684
0 0.6444444444444445 0.533457249070632 0.03111111111111111 0.0483271375464684
