1 0.29333333333333333 0.2899628252788104 0.39111111111111113 0.1933085501858736
1 0.22555555555555556 0.4182156133828996 0.21555555555555556 0.08550185873605948
1 0.2311111111111111 0.6914498141263941 0.27555555555555555 0.4386617100371747
1 0.41444444444444445 0.8159851301115241 0.08666666666666667 0.09293680297397769
1 0.5011111111111111 0.8828996282527881 0.03333333333333333 0.040892193308550186
1 0.6477777777777778 0.3531598513011152 0.028888888888888888 0.04460966542750929
0 0.8022222222222222 0.5111524163568772 0.03111111111111111 0.08550185873605948
0 0.8055555555555556 0.6171003717472119 0.028888888888888888 0.04460966542750929
0 0.6444444444444445 0.5315985130111524 0.026666666666666665 0.05204460966542751
0 0.5311111111111111 0.8828996282527881 0.026666666666666665 0.0483271375464684
1 0.8088888888888889 0.775092936802974 0.04 0.09293680297397769
1 0.5855555555555556 0.3327137546468401 0.042222222222222223 0.08550185873605948
1 0.5855555555555556 0.620817843866171 0.028888888888888888 0.05204460966542751
1 0.7377777777777778 0.3159851301115241 0.03111111111111111 0.04460966542750929
1 0.7755555555555556 0.241635687732342 0.035555555555555556 0.08921933085501858
1 0.44 0.49256505576208176 0.03111111111111111 0.0483271375464684
