1 0.29333333333333333 0.2899628252788104 0.36444444444444446 0.18587360594795538
1 0.2411111111111111 0.4219330855018587 0.24222222222222223 0.09293680297397769
1 0.2722222222222222 0.6840148698884758 0.32666666666666666 0.4386617100371747
1 0.5011111111111111 0.879182156133829 0.03333333333333333 0.0483271375464684
1 0.6444444444444445 0.32899628252788105 0.03111111111111111 0.09293680297397769
1 0.5866666666666667 0.6171003717472119 0.03111111111111111 0.05204460966542751
1 0.8155555555555556 0.7676579925650557 0.05333333333333333 0.07806691449814127
0 0.8044444444444444 0.5074349442379182 0.03111111111111111 0.09293680297397769
0 0.8088888888888889 0.6133828996282528 0.026666666666666665 0.05204460966542751
0 0.6455555555555555 0.5297397769516728 0.024444444444444446 0.0483271375464684
0 0.5322222222222223 0.8773234200743494 0.028888888888888888 0.04460966542750929
1 0.8555555555555555 0.8382899628252788 0.026666666666666665 0.0483271375464684
1 0.5933333333333334 0.32899628252788105 0.04 0.09293680297397769
