1 0.33 0.2862453531598513 0.4111111111111111 0.17843866171003717
1 0.27666666666666667 0.4107806691449814 0.21555555555555556 0.09293680297397769
1 0.31222222222222223 0.6840148698884758 0.3488888888888889 0.44609665427509293
1 0.6988888888888889 0.6914498141263941 0.042222222222222223 0.0966542750929368
1 0.7855555555555556 0.7899628252788103 0.028888888888888888 0.0483271375464684
1 0.7822222222222223 0.8810408921933085 0.026666666666666665 0.04460966542750929
1 0.6288888888888889 0.8382899628252788 0.03111111111111111 0.040892193308550186
1 0.6066666666666667 0.24349442379182154 0.08888888888888889 0.09293680297397769
1 0.7033333333333334 0.3550185873605948 0.042222222222222223 0.0483271375464684
1 0.7711111111111111 0.4869888475836431 0.03111111111111111 0.04460966542750929
1 0.5366666666666666 0.8828996282527881 0.06888888888888889 0.055762081784386616
0 0.6444444444444445 0.5315985130111524 0.026666666666666665 0.05204460966542751
1 0.6811111111111111 0.26022304832713755 0.04666666666666667 0.04460966542750929
1 0.72 0.39776951672862454 0.026666666666666665 0.05204460966542751
