1 0.3233333333333333 0.2843866171003717 0.3977777777777778 0.17472118959107805
1 0.2633333333333333 0.4163568773234201 0.23777777777777778 0.08921933085501858
1 0.32555555555555554 0.6895910780669144 0.3622222222222222 0.4423791821561338
1 0.7033333333333334 0.6877323420074349 0.042222222222222223 0.0966542750929368
1 0.6322222222222222 0.7732342007434944 0.10888888888888888 0.08921933085501858
0 0.6466666666666666 0.5278810408921932 0.026666666666666665 0.04460966542750929
1 0.7911111111111111 0.7899628252788103 0.026666666666666665 0.0483271375464684
1 0.6011111111111112 0.8587360594795539 0.12666666666666668 0.08921933085501858
1 0.7888888888888889 0.8754646840148699 0.026666666666666665 0.040892193308550186
1 0.8544444444444445 0.3048327137546468 0.028888888888888888 0.04460966542750929
1 0.8066666666666666 0.5315985130111524 0.026666666666666665 0.05204460966542751
1 0.6322222222222222 0.26022304832713755 0.028888888888888888 0.04460966542750929
1 0.4811111111111111 0.44052044609665425 0.028888888888888888 0.055762081784386616
1 0.5188888888888888 0.7732342007434944 0.028888888888888888 0.0966542750929368
1 0.6988888888888889 0.35130111524163565 0.028888888888888888 0.0483271375464684
1 0.7766666666666666 0.4869888475836431 0.028888888888888888 0.04460966542750929
1 0.5766666666666667 0.21933085501858735 0.028888888888888888 0.04460966542750929
