1 0.328235294117647 0.28810408921933084 0.42117647058823526 0.1821561338289963
1 0.2752941176470588 0.42379182156133827 0.30117647058823527 0.08921933085501858
1 0.3317647058823529 0.5130111524163569 0.40470588235294114 0.08921933085501858
0 0.1764705882352941 0.620817843866171 0.028235294117647056 0.04460966542750929
1 0.2952941176470588 0.7825278810408921 0.36 0.25650557620817843
1 0.3541176470588235 0.604089219330855 0.3035294117647059 0.1003717472118959
1 0.7223529411764705 0.2620817843866171 0.028235294117647056 0.0483271375464684
1 0.7799999999999999 0.35130111524163565 0.12470588235294117 0.0483271375464684
1 0.7411764705882352 0.4182156133828996 0.07999999999999999 0.09293680297397769
1 0.7399999999999999 0.6877323420074349 0.039999999999999994 0.08921933085501858
1 0.6705882352941176 0.8401486988847583 0.028235294117647056 0.04460966542750929
1 0.8341176470588234 0.7899628252788103 0.025882352941176467 0.0483271375464684
1 0.8329411764705882 0.8810408921933085 0.028235294117647056 0.04460966542750929
1 0.82 0.6691449814126393 0.030588235294117645 0.04460966542750929
1 0.8188235294117646 0.4944237918215613 0.028235294117647056 0.05204460966542751
1 0.6070588235294118 0.8828996282527881 0.028235294117647056 0.0483271375464684
1 0.6117647058823529 0.22304832713754646 0.03294117647058823 0.04460966542750929
1 0.7141176470588234 0.7565055762081784 0.05411764705882353 0.040892193308550186
1 0.6317647058823529 0.7527881040892193 0.04470588235294117 0.040892193308550186
1 0.9035294117647058 0.3141263940520446 0.028235294117647056 0.040892193308550186
1 0.5823529411764705 0.5780669144981412 0.025882352941176467 0.0483271375464684
