1 0.2822222222222222 0.2862453531598513 0.3466666666666667 0.17843866171003717
1 0.28555555555555556 0.6356877323420074 0.33555555555555555 0.5353159851301115
1 0.4955555555555556 0.8847583643122676 0.026666666666666665 0.04460966542750929
1 0.7122222222222222 0.775092936802974 0.04666666666666667 0.09293680297397769
1 0.8111111111111111 0.7676579925650557 0.04888888888888889 0.09293680297397769
1 0.8544444444444445 0.8420074349442379 0.028888888888888888 0.0483271375464684
1 0.6111111111111112 0.3327137546468401 0.08444444444444445 0.09293680297397769
1 0.76 0.33457249070631967 0.06666666666666667 0.10408921933085502
0 0.8055555555555556 0.6171003717472119 0.024444444444444446 0.05204460966542751
0 0.53 0.8810408921933085 0.028888888888888888 0.05204460966542751
1 0.5044444444444445 0.32899628252788105 0.07555555555555556 0.08550185873605948
1 0.5777777777777777 0.2639405204460966 0.026666666666666665 0.04460966542750929
