1 0.30666666666666664 0.2899628252788104 0.38222222222222224 0.17843866171003717
1 0.24222222222222223 0.4219330855018587 0.24444444444444444 0.1003717472118959
1 0.29888888888888887 0.6877323420074349 0.31777777777777777 0.4386617100371747
1 0.49444444444444446 0.8866171003717471 0.028888888888888888 0.0483271375464684
1 0.5922222222222222 0.33643122676579923 0.03777777777777778 0.09293680297397769
1 0.7533333333333333 0.3382899628252788 0.04888888888888889 0.08921933085501858
0 0.6455555555555555 0.5353159851301115 0.028888888888888888 0.04460966542750929
0 0.8022222222222222 0.5111524163568772 0.03111111111111111 0.08550185873605948
0 0.8055555555555556 0.6189591078066914 0.024444444444444446 0.040892193308550186
0 0.5322222222222223 0.8828996282527881 0.028888888888888888 0.0483271375464684
1 0.8088888888888889 0.775092936802974 0.044444444444444446 0.07806691449814127
1 0.8544444444444445 0.8420074349442379 0.028888888888888888 0.040892193308550186
1 0.6444444444444445 0.3550185873605948 0.03111111111111111 0.0483271375464684
1 0.7577777777777778 0.8438661710037174 0.022222222222222223 0.04460966542750929
1 0.7055555555555556 0.49256505576208176 0.03333333333333333 0.0483271375464684
