1 0.2866666666666667 0.2936802973977695 0.3377777777777778 0.17843866171003717
1 0.26222222222222225 0.6468401486988847 0.28888888888888886 0.5353159851301115
1 0.42666666666666664 0.8401486988847583 0.04 0.04460966542750929
1 0.49777777777777776 0.8810408921933085 0.026666666666666665 0.04460966542750929
0 0.5344444444444444 0.8773234200743494 0.024444444444444446 0.04460966542750929
0 0.6466666666666666 0.5297397769516728 0.026666666666666665 0.040892193308550186
0 0.8044444444444444 0.5074349442379182 0.026666666666666665 0.08550185873605948
0 0.81 0.6096654275092936 0.024444444444444446 0.04460966542750929
1 0.8077777777777778 0.7657992565055761 0.042222222222222223 0.08178438661710037
1 0.5933333333333334 0.3308550185873606 0.03111111111111111 0.08178438661710037
1 0.7811111111111111 0.2379182156133829 0.03333333333333333 0.08178438661710037
1 0.6377777777777778 0.32899628252788105 0.035555555555555556 0.08550185873605948
1 0.8588888888888889 0.8382899628252788 0.028888888888888888 0.0483271375464684
1 0.5866666666666667 0.6171003717472119 0.03111111111111111 0.05204460966542751
1 0.7177777777777777 0.7676579925650557 0.03111111111111111 0.09293680297397769
1 0.6411111111111111 0.241635687732342 0.03333333333333333 0.08921933085501858
