1 0.30666666666666664 0.2899628252788104 0.38666666666666666 0.1933085501858736
1 0.24222222222222223 0.42007434944237915 0.24444444444444444 0.0966542750929368
1 0.2822222222222222 0.6858736059479553 0.3288888888888889 0.4275092936802974
1 0.5088888888888888 0.6877323420074349 0.04 0.08921933085501858
1 0.48333333333333334 0.5111524163568772 0.03333333333333333 0.08550185873605948
1 0.4911111111111111 0.7713754646840149 0.09333333333333334 0.09293680297397769
1 0.5233333333333333 0.862453531598513 0.14888888888888888 0.08178438661710037
1 0.7933333333333333 0.5148698884758364 0.04888888888888889 0.09293680297397769
1 0.6455555555555555 0.7713754646840149 0.10444444444444445 0.07806691449814127
1 0.6955555555555556 0.6895910780669144 0.03111111111111111 0.09293680297397769
1 0.7888888888888889 0.7881040892193308 0.026666666666666665 0.05204460966542751
0 0.6455555555555555 0.5315985130111524 0.028888888888888888 0.04460966542750929
1 0.7911111111111111 0.8773234200743494 0.035555555555555556 0.04460966542750929
1 0.6066666666666667 0.241635687732342 0.08888888888888889 0.08921933085501858
1 0.6988888888888889 0.3494423791821561 0.028888888888888888 0.05204460966542751
1 0.8544444444444445 0.30855018587360594 0.028888888888888888 0.04460966542750929
