1 0.2833333333333333 0.2899628252788104 0.42 0.17843866171003717
1 0.22444444444444445 0.42007434944237915 0.3288888888888889 0.0966542750929368
1 0.24444444444444444 0.6914498141263941 0.3422222222222222 0.44609665427509293
1 0.6955555555555556 0.6858736059479553 0.035555555555555556 0.08550185873605948
1 0.6311111111111111 0.845724907063197 0.03111111111111111 0.0483271375464684
1 0.7855555555555556 0.7955390334572491 0.028888888888888888 0.05204460966542751
0 0.6422222222222222 0.5315985130111524 0.026666666666666665 0.04460966542750929
1 0.7555555555555555 0.5130111524163569 0.08888888888888889 0.08921933085501858
1 0.5088888888888888 0.8828996282527881 0.15555555555555556 0.055762081784386616
1 0.6833333333333333 0.24721189591078066 0.042222222222222223 0.09293680297397769
1 0.7022222222222222 0.36059479553903345 0.03111111111111111 0.05947955390334572
1 0.5422222222222223 0.33457249070631967 0.05333333333333333 0.08921933085501858
1 0.4477777777777778 0.6022304832713754 0.042222222222222223 0.0966542750929368
1 0.7844444444444444 0.8847583643122676 0.026666666666666665 0.04460966542750929
1 0.4766666666666667 0.45167286245353155 0.028888888888888888 0.0483271375464684
1 0.6666666666666666 0.758364312267658 0.07111111111111111 0.05204460966542751
1 0.5755555555555556 0.22676579925650556 0.03111111111111111 0.04460966542750929
