1 0.2866666666666667 0.2899628252788104 0.4488888888888889 0.18587360594795538
1 0.22444444444444445 0.4182156133828996 0.3333333333333333 0.09293680297397769
1 0.2677777777777778 0.6840148698884758 0.3622222222222222 0.4386617100371747
1 0.6911111111111111 0.6821561338289962 0.026666666666666665 0.08550185873605948
1 0.7855555555555556 0.7881040892193308 0.024444444444444446 0.04460966542750929
1 0.5477777777777778 0.8828996282527881 0.11333333333333333 0.055762081784386616
1 0.6288888888888889 0.8382899628252788 0.026666666666666665 0.0483271375464684
1 0.5833333333333334 0.7657992565055761 0.23333333333333334 0.08921933085501858
1 0.7833333333333333 0.879182156133829 0.028888888888888888 0.040892193308550186
1 0.6988888888888889 0.3494423791821561 0.028888888888888888 0.04460966542750929
1 0.7733333333333333 0.4869888475836431 0.026666666666666665 0.04460966542750929
1 0.7655555555555555 0.32899628252788105 0.03333333333333333 0.08550185873605948
0 0.6433333333333333 0.5278810408921932 0.024444444444444446 0.05204460966542751
1 0.8188888888888889 0.7490706319702601 0.028888888888888888 0.0483271375464684
1 0.8511111111111112 0.30855018587360594 0.026666666666666665 0.04460966542750929
1 0.6866666666666666 0.23977695167286245 0.04888888888888889 0.08550185873605948
