1 0.2877777777777778 0.2899628252788104 0.35777777777777775 0.18587360594795538
1 0.20444444444444446 0.4182156133828996 0.21333333333333332 0.09293680297397769
1 0.2588888888888889 0.6821561338289962 0.32222222222222224 0.4423791821561338
1 0.49666666666666665 0.8828996282527881 0.028888888888888888 0.040892193308550186
1 0.8088888888888889 0.7676579925650557 0.044444444444444446 0.08550185873605948
1 0.6466666666666666 0.2379182156133829 0.04888888888888889 0.08921933085501858
1 0.5833333333333334 0.3308550185873606 0.04666666666666667 0.08921933085501858
1 0.7544444444444445 0.33457249070631967 0.07777777777777778 0.08921933085501858
0 0.6455555555555555 0.5353159851301115 0.02 0.04460966542750929
0 0.8022222222222222 0.5074349442379182 0.03111111111111111 0.08550185873605948
0 0.8055555555555556 0.6189591078066914 0.024444444444444446 0.0483271375464684
0 0.53 0.8810408921933085 0.024444444444444446 0.04460966542750929
1 0.7577777777777778 0.8401486988847583 0.026666666666666665 0.04460966542750929
1 0.6455555555555555 0.3550185873605948 0.028888888888888888 0.0483271375464684
1 0.7088888888888889 0.7732342007434944 0.04 0.08921933085501858
1 0.47888888888888886 0.5092936802973977 0.051111111111111114 0.08921933085501858
1 0.7033333333333334 0.49256505576208176 0.024444444444444446 0.0483271375464684
