1 0.27666666666666667 0.2862453531598513 0.35333333333333333 0.17843866171003717
1 0.22 0.4256505576208178 0.24 0.1003717472118959
1 0.2388888888888889 0.6802973977695167 0.31333333333333335 0.4386617100371747
1 0.4955555555555556 0.8773234200743494 0.026666666666666665 0.04460966542750929
0 0.6466666666666666 0.5297397769516728 0.026666666666666665 0.0483271375464684
0 0.8044444444444444 0.5037174721189591 0.03111111111111111 0.08550185873605948
0 0.8077777777777778 0.6171003717472119 0.024444444444444446 0.04460966542750929
0 0.5333333333333333 0.8773234200743494 0.026666666666666665 0.04460966542750929
1 0.8122222222222222 0.7657992565055761 0.04666666666666667 0.08921933085501858
1 0.6222222222222222 0.3271375464684015 0.07555555555555556 0.0966542750929368
1 0.7055555555555556 0.7732342007434944 0.03777777777777778 0.08921933085501858
1 0.42333333333333334 0.8605947955390334 0.03777777777777778 0.07806691449814127
1 0.7555555555555555 0.3308550185873606 0.044444444444444446 0.08178438661710037
1 0.8544444444444445 0.8345724907063197 0.028888888888888888 0.0483271375464684
1 0.5866666666666667 0.6171003717472119 0.026666666666666665 0.05204460966542751
1 0.59 0.8420074349442379 0.028888888888888888 0.0483271375464684
1 0.7044444444444444 0.4869888475836431 0.026666666666666665 0.05204460966542751
1 0.42777777777777776 0.7676579925650557 0.051111111111111114 0.09293680297397769
