0 0.06888888888888889 0.5092936802973977 0.026666666666666665 0.08921933085501858
0 0.11888888888888889 0.48884758364312264 0.02 0.0483271375464684
0 0.16666666666666666 0.5297397769516728 0.017777777777777778 0.0483271375464684
0 0.11 0.5780669144981412 0.024444444444444446 0.0483271375464684
0 0.06888888888888889 0.24349442379182154 0.022222222222222223 0.09293680297397769
0 0.2111111111111111 0.2639405204460966 0.017777777777777778 0.04460966542750929
0 0.27 0.22490706319702602 0.02 0.055762081784386616
0 0.7211111111111111 0.3159851301115241 0.02 0.04460966542750929
0 0.7088888888888889 0.5297397769516728 0.022222222222222223 0.0483271375464684
0 0.79 0.5315985130111524 0.02 0.04460966542750929
0 0.8977777777777778 0.48884758364312264 0.017777777777777778 0.055762081784386616
0 0.89 0.21933085501858735 0.02 0.04460966542750929
0 0.9377777777777778 0.2453531598513011 0.026666666666666665 0.0966542750929368
0 0.9366666666666666 0.5111524163568772 0.028888888888888888 0.08550185873605948
