1 0.2911111111111111 0.28810408921933084 0.3511111111111111 0.1821561338289963
1 0.5066666666666667 0.30855018587360594 0.026666666666666665 0.05204460966542751
1 0.5888888888888889 0.31226765799256506 0.03111111111111111 0.04460966542750929
1 0.6433333333333333 0.3531598513011152 0.028888888888888888 0.04460966542750929
1 0.2288888888888889 0.4219330855018587 0.22666666666666666 0.09293680297397769
1 0.2788888888888889 0.6858736059479553 0.32666666666666666 0.4275092936802974
1 0.4922222222222222 0.8810408921933085 0.03333333333333333 0.04460966542750929
1 0.6255555555555555 0.7509293680297398 0.024444444444444446 0.04460966542750929
1 0.8088888888888889 0.7676579925650557 0.05333333333333333 0.08550185873605948
1 0.7577777777777778 0.8475836431226765 0.026666666666666665 0.05204460966542751
1 0.8533333333333333 0.8438661710037174 0.03111111111111111 0.04460966542750929
1 0.7377777777777778 0.3327137546468401 0.035555555555555556 0.07806691449814127
1 0.7844444444444444 0.35687732342007433 0.026666666666666665 0.05204460966542751
0 0.8055555555555556 0.6171003717472119 0.028888888888888888 0.05204460966542751
0 0.53 0.879182156133829 0.024444444444444446 0.040892193308550186
