0 0.06666666666666667 0.25092936802973975 0.03111111111111111 0.07806691449814127
0 0.06888888888888889 0.5055762081784386 0.03111111111111111 0.08178438661710037
0 0.11 0.5799256505576208 0.028888888888888888 0.04460966542750929
0 0.2111111111111111 0.2639405204460966 0.026666666666666665 0.04460966542750929
0 0.11888888888888889 0.49256505576208176 0.028888888888888888 0.0483271375464684
0 0.16666666666666666 0.533457249070632 0.026666666666666665 0.0483271375464684
0 0.2722222222222222 0.22304832713754646 0.028888888888888888 0.05204460966542751
0 0.7211111111111111 0.3141263940520446 0.028888888888888888 0.040892193308550186
0 0.7088888888888889 0.5297397769516728 0.026666666666666665 0.0483271375464684
0 0.79 0.5315985130111524 0.024444444444444446 0.04460966542750929
0 0.8988888888888888 0.48884758364312264 0.024444444444444446 0.055762081784386616
0 0.8922222222222222 0.22490706319702602 0.024444444444444446 0.055762081784386616
0 0.94 0.241635687732342 0.022222222222222223 0.08921933085501858
0 0.9355555555555556 0.5074349442379182 0.026666666666666665 0.09293680297397769
