1 0.28 0.2862453531598513 0.3377777777777778 0.17843866171003717
1 0.22333333333333333 0.4144981412639405 0.22 0.1003717472118959
1 0.25333333333333335 0.6802973977695167 0.28444444444444444 0.4386617100371747
1 0.43222222222222223 0.8605947955390334 0.06888888888888889 0.08550185873605948
1 0.42777777777777776 0.7639405204460966 0.05555555555555555 0.09293680297397769
1 0.4955555555555556 0.879182156133829 0.03111111111111111 0.0483271375464684
1 0.8166666666666667 0.7676579925650557 0.05555555555555555 0.09293680297397769
1 0.8555555555555555 0.8364312267657992 0.03111111111111111 0.05204460966542751
1 0.4955555555555556 0.32342007434944237 0.05333333333333333 0.08178438661710037
1 0.59 0.3252788104089219 0.06 0.08550185873605948
1 0.75 0.32342007434944237 0.051111111111111114 0.08178438661710037
0 0.5322222222222223 0.8773234200743494 0.024444444444444446 0.05204460966542751
0 0.8077777777777778 0.6133828996282528 0.024444444444444446 0.05204460966542751
1 0.5855555555555556 0.6171003717472119 0.028888888888888888 0.05204460966542751
1 0.7166666666666667 0.7657992565055761 0.03333333333333333 0.08921933085501858
