0 0.06444444444444444 0.24721189591078066 0.03111111111111111 0.09293680297397769
0 0.06333333333333334 0.5111524163568772 0.028888888888888888 0.08550185873605948
0 0.11888888888888889 0.4219330855018587 0.024444444444444446 0.08550185873605948
0 0.3655555555555556 0.2657992565055762 0.04666666666666667 0.040892193308550186
0 0.93 0.24721189591078066 0.03333333333333333 0.08550185873605948
0 0.9344444444444444 0.5148698884758364 0.028888888888888888 0.08550185873605948
0 0.7466666666666667 0.49256505576208176 0.022222222222222223 0.0483271375464684
0 0.7955555555555556 0.5315985130111524 0.022222222222222223 0.04460966542750929
0 0.8277777777777777 0.22676579925650556 0.024444444444444446 0.05204460966542751
0 0.7811111111111111 0.26765799256505574 0.024444444444444446 0.05204460966542751
