1 0.2577777777777778 0.2899628252788104 0.39111111111111113 0.18587360594795538
1 0.22666666666666666 0.4182156133828996 0.31555555555555553 0.08550185873605948
1 0.2477777777777778 0.70817843866171 0.3622222222222222 0.3903345724907063
1 0.4766666666666667 0.3587360594795539 0.03333333333333333 0.0483271375464684
1 0.6966666666666667 0.6914498141263941 0.03777777777777778 0.08921933085501858
1 0.7855555555555556 0.7936802973977695 0.024444444444444446 0.0483271375464684
1 0.7833333333333333 0.8847583643122676 0.024444444444444446 0.05204460966542751
1 0.4533333333333333 0.604089219330855 0.04888888888888889 0.08550185873605948
1 0.7422222222222222 0.5148698884758364 0.13333333333333333 0.07806691449814127
1 0.5422222222222223 0.8866171003717471 0.2 0.055762081784386616
1 0.7011111111111111 0.36059479553903345 0.03777777777777778 0.04460966542750929
1 0.6355555555555555 0.2453531598513011 0.16444444444444445 0.10408921933085502
1 0.4766666666666667 0.49256505576208176 0.03333333333333333 0.0483271375464684
1 0.6233333333333333 0.7546468401486989 0.11777777777777777 0.04460966542750929
