0 0.06555555555555556 0.2453531598513011 0.03333333333333333 0.08921933085501858
0 0.06555555555555556 0.5055762081784386 0.028888888888888888 0.08178438661710037
0 0.21333333333333332 0.2657992565055762 0.026666666666666665 0.0483271375464684
0 0.27111111111111114 0.22490706319702602 0.022222222222222223 0.040892193308550186
0 0.11888888888888889 0.4869888475836431 0.02 0.04460966542750929
0 0.16555555555555557 0.5278810408921932 0.015555555555555555 0.04460966542750929
0 0.10777777777777778 0.5743494423791822 0.02 0.040892193308550186
0 0.7211111111111111 0.3159851301115241 0.024444444444444446 0.04460966542750929
0 0.7088888888888889 0.5278810408921932 0.022222222222222223 0.04460966542750929
0 0.79 0.5315985130111524 0.024444444444444446 0.04460966542750929
0 0.9088888888888889 0.22676579925650556 0.022222222222222223 0.05204460966542751
