1 0.27444444444444444 0.2899628252788104 0.3622222222222222 0.18587360594795538
1 0.23333333333333334 0.4219330855018587 0.2311111111111111 0.09293680297397769
1 0.24333333333333335 0.6840148698884758 0.31777777777777777 0.44609665427509293
1 0.4955555555555556 0.8847583643122676 0.03111111111111111 0.04460966542750929
1 0.81 0.7769516728624535 0.04666666666666667 0.08178438661710037
1 0.6444444444444445 0.24721189591078066 0.1511111111111111 0.08550185873605948
1 0.6122222222222222 0.3382899628252788 0.09111111111111111 0.08921933085501858
1 0.5911111111111111 0.8494423791821561 0.04 0.0483271375464684
1 0.7455555555555555 0.33643122676579923 0.06 0.08550185873605948
0 0.8055555555555556 0.6189591078066914 0.024444444444444446 0.0483271375464684
0 0.5311111111111111 0.8866171003717471 0.026666666666666665 0.040892193308550186
1 0.7044444444444444 0.4962825278810409 0.03111111111111111 0.040892193308550186
1 0.6255555555555555 0.7565055762081784 0.028888888888888888 0.0483271375464684
