1 0.30444444444444446 0.29182156133828996 0.38666666666666666 0.1895910780669145
1 0.2388888888888889 0.42379182156133827 0.2511111111111111 0.0966542750929368
1 0.2544444444444444 0.6933085501858736 0.2866666666666667 0.4423791821561338
1 0.41444444444444445 0.7955390334572491 0.028888888888888888 0.04460966542750929
1 0.6944444444444444 0.6970260223048327 0.03333333333333333 0.08550185873605948
1 0.5733333333333334 0.8866171003717471 0.03111111111111111 0.0483271375464684
1 0.7855555555555556 0.7936802973977695 0.024444444444444446 0.0483271375464684
1 0.7833333333333333 0.8866171003717471 0.028888888888888888 0.0483271375464684
1 0.7088888888888889 0.362453531598513 0.05333333333333333 0.040892193308550186
1 0.4666666666666667 0.4479553903345725 0.026666666666666665 0.0483271375464684
1 0.7722222222222223 0.4962825278810409 0.028888888888888888 0.0483271375464684
1 0.44333333333333336 0.5780669144981412 0.028888888888888888 0.0483271375464684
1 0.69 0.26765799256505574 0.024444444444444446 0.04460966542750929
1 0.6311111111111111 0.845724907063197 0.026666666666666665 0.0483271375464684
1 0.7733333333333333 0.6747211895910781 0.026666666666666665 0.0483271375464684
1 0.6077777777777778 0.22676579925650556 0.09111111111111111 0.04460966542750929
