1 0.3247058823529411 0.28810408921933084 0.4235294117647058 0.1821561338289963
1 0.26705882352941174 0.4163568773234201 0.2329411764705882 0.08921933085501858
1 0.3188235294117647 0.6988847583643122 0.36941176470588233 0.3866171003717472
1 0.5670588235294117 0.862453531598513 0.11294117647058823 0.0966542750929368
1 0.5247058823529411 0.5111524163568772 0.06117647058823529 0.08550185873605948
1 0.7376470588235293 0.6858736059479553 0.03529411764705882 0.08550185873605948
1 0.6717647058823529 0.7676579925650557 0.16235294117647056 0.08550185873605948
1 0.6694117647058823 0.8401486988847583 0.030588235294117645 0.05204460966542751
1 0.8364705882352941 0.7899628252788103 0.030588235294117645 0.055762081784386616
1 0.8305882352941176 0.8810408921933085 0.06117647058823529 0.05204460966542751
1 0.828235294117647 0.5055762081784386 0.047058823529411764 0.08921933085501858
1 0.768235294117647 0.30855018587360594 0.1388235294117647 0.14126394052044608
1 0.7658823529411765 0.39776951672862454 0.03529411764705882 0.05204460966542751
1 0.9047058823529411 0.30855018587360594 0.025882352941176467 0.04460966542750929
1 0.868235294117647 0.7490706319702601 0.028235294117647056 0.0483271375464684
1 0.6058823529411764 0.21933085501858735 0.025882352941176467 0.04460966542750929
