1 0.2811111111111111 0.29182156133828996 0.34 0.1895910780669145
1 0.21 0.42007434944237915 0.18888888888888888 0.08921933085501858
1 0.24666666666666667 0.6877323420074349 0.2222222222222222 0.4386617100371747
1 0.43777777777777777 0.8587360594795539 0.14666666666666667 0.08921933085501858
1 0.6122222222222222 0.3308550185873606 0.08222222222222222 0.08921933085501858
1 0.7566666666666667 0.3327137546468401 0.06888888888888889 0.09293680297397769
1 0.6422222222222222 0.2453531598513011 0.04 0.08921933085501858
1 0.8111111111111111 0.7713754646840149 0.04888888888888889 0.08550185873605948
0 0.5311111111111111 0.8828996282527881 0.026666666666666665 0.0483271375464684
0 0.8066666666666666 0.6189591078066914 0.026666666666666665 0.0483271375464684
1 0.7766666666666666 0.241635687732342 0.03333333333333333 0.08921933085501858
1 0.5888888888888889 0.671003717472119 0.03111111111111111 0.0483271375464684
1 0.8544444444444445 0.8438661710037174 0.028888888888888888 0.04460966542750929
1 0.49666666666666665 0.33643122676579923 0.08666666666666667 0.08550185873605948
1 0.59 0.845724907063197 0.028888888888888888 0.0483271375464684
