1 0.29888888888888887 0.3327137546468401 0.3622222222222222 0.27137546468401486
0 0.18888888888888888 0.3159851301115241 0.026666666666666665 0.05204460966542751
1 0.2588888888888889 0.6933085501858736 0.2777777777777778 0.43494423791821557
0 0.32666666666666666 0.8828996282527881 0.026666666666666665 0.0483271375464684
0 0.53 0.8866171003717471 0.028888888888888888 0.0483271375464684
0 0.8088888888888889 0.620817843866171 0.026666666666666665 0.05204460966542751
1 0.8111111111111111 0.7713754646840149 0.06222222222222222 0.07806691449814127
1 0.7511111111111111 0.33457249070631967 0.057777777777777775 0.0966542750929368
1 0.45222222222222225 0.8661710037174721 0.10888888888888888 0.08921933085501858
1 0.6311111111111111 0.8587360594795539 0.11555555555555555 0.08921933085501858
1 0.5877777777777777 0.3159851301115241 0.028888888888888888 0.05204460966542751
1 0.6466666666666666 0.35687732342007433 0.03111111111111111 0.04460966542750929
1 0.8544444444444445 0.8438661710037174 0.028888888888888888 0.04460966542750929
1 0.6388888888888888 0.2453531598513011 0.042222222222222223 0.0966542750929368
1 0.7777777777777778 0.2657992565055762 0.03111111111111111 0.0483271375464684
1 0.46555555555555556 0.5148698884758364 0.09555555555555556 0.1003717472118959
