1 0.2811111111111111 0.2843866171003717 0.34 0.17472118959107805
1 0.6833333333333333 0.3327137546468401 0.22 0.08550185873605948
1 0.7766666666666666 0.23234200743494424 0.03777777777777778 0.09293680297397769
1 0.6355555555555555 0.2379182156133829 0.035555555555555556 0.0966542750929368
1 0.4811111111111111 0.32342007434944237 0.06444444444444444 0.08178438661710037
1 0.21555555555555556 0.4163568773234201 0.21333333333333332 0.08921933085501858
1 0.42444444444444446 0.43680297397769513 0.03111111111111111 0.040892193308550186
1 0.2722222222222222 0.6784386617100372 0.34 0.43494423791821557
1 0.4955555555555556 0.8773234200743494 0.026666666666666665 0.04460966542750929
1 0.8055555555555556 0.7657992565055761 0.03777777777777778 0.08178438661710037
0 0.5311111111111111 0.8773234200743494 0.022222222222222223 0.04460966542750929
0 0.8055555555555556 0.6115241635687733 0.024444444444444446 0.0483271375464684
