1 0.2777777777777778 0.2843866171003717 0.4533333333333333 0.1821561338289963
1 0.23333333333333334 0.637546468401487 0.36444444444444446 0.5241635687732342
1 0.4811111111111111 0.8605947955390334 0.11777777777777777 0.08550185873605948
1 0.6988888888888889 0.6858736059479553 0.03333333333333333 0.09293680297397769
1 0.7877777777777778 0.79182156133829 0.024444444444444446 0.04460966542750929
1 0.6688888888888889 0.2453531598513011 0.2222222222222222 0.0966542750929368
1 0.7055555555555556 0.3327137546468401 0.35333333333333333 0.09293680297397769
1 0.63 0.8475836431226765 0.028888888888888888 0.04460966542750929
1 0.7844444444444444 0.8847583643122676 0.026666666666666665 0.04460966542750929
1 0.4411111111111111 0.5947955390334572 0.05555555555555555 0.08921933085501858
1 0.6855555555555556 0.4256505576208178 0.04666666666666667 0.1003717472118959
1 0.46555555555555556 0.44052044609665425 0.028888888888888888 0.0483271375464684
1 0.5722222222222222 0.8847583643122676 0.028888888888888888 0.05204460966542751
1 0.7188888888888889 0.49256505576208176 0.028888888888888888 0.0483271375464684
1 0.6644444444444444 0.7527881040892193 0.04888888888888889 0.0483271375464684
