1 0.27111111111111114 0.2862453531598513 0.36 0.17843866171003717
1 0.2222222222222222 0.4182156133828996 0.21777777777777776 0.1003717472118959
1 0.2777777777777778 0.6877323420074349 0.31555555555555553 0.44609665427509293
1 0.09888888888888889 0.8643122676579925 0.04666666666666667 0.08550185873605948
1 0.48777777777777775 0.8847583643122676 0.03777777777777778 0.05204460966542751
1 0.8188888888888889 0.7769516728624535 0.04666666666666667 0.08178438661710037
1 0.7055555555555556 0.7732342007434944 0.042222222222222223 0.08921933085501858
1 0.5866666666666667 0.3271375464684015 0.044444444444444446 0.08921933085501858
1 0.6444444444444445 0.3531598513011152 0.035555555555555556 0.05204460966542751
1 0.7511111111111111 0.33457249070631967 0.04888888888888889 0.08921933085501858
1 0.6433333333333333 0.241635687732342 0.051111111111111114 0.08921933085501858
1 0.7733333333333333 0.2453531598513011 0.04888888888888889 0.0966542750929368
0 0.5311111111111111 0.8847583643122676 0.026666666666666665 0.05204460966542751
0 0.8055555555555556 0.6189591078066914 0.028888888888888888 0.040892193308550186
1 0.5211111111111111 0.620817843866171 0.1622222222222222 0.05947955390334572
1 0.7488888888888889 0.8420074349442379 0.022222222222222223 0.0483271375464684
1 0.5977777777777777 0.845724907063197 0.035555555555555556 0.0483271375464684
1 0.8533333333333333 0.8438661710037174 0.026666666666666665 0.04460966542750929
1 0.5088888888888888 0.3141263940520446 0.03111111111111111 0.0483271375464684
