1 0.2677777777777778 0.2899628252788104 0.36666666666666664 0.18587360594795538
1 0.23222222222222222 0.4219330855018587 0.24222222222222223 0.09293680297397769
1 0.22666666666666666 0.4869888475836431 0.08888888888888889 0.04460966542750929
1 0.26222222222222225 0.7007434944237918 0.3511111111111111 0.39776951672862454
1 0.49777777777777776 0.8773234200743494 0.03111111111111111 0.04460966542750929
1 0.8111111111111111 0.7676579925650557 0.04888888888888889 0.08550185873605948
1 0.7088888888888889 0.7639405204460966 0.04 0.08550185873605948
1 0.6155555555555555 0.3271375464684015 0.09777777777777778 0.08921933085501858
1 0.7511111111111111 0.32899628252788105 0.04888888888888889 0.08550185873605948
1 0.5044444444444445 0.3252788104089219 0.03111111111111111 0.08550185873605948
0 0.5333333333333333 0.8736059479553903 0.026666666666666665 0.05204460966542751
0 0.8088888888888889 0.6115241635687733 0.026666666666666665 0.0483271375464684
1 0.4922222222222222 0.5055762081784386 0.028888888888888888 0.08178438661710037
1 0.46444444444444444 0.7713754646840149 0.06222222222222222 0.08550185873605948
