1 0.2811111111111111 0.2843866171003717 0.44222222222222224 0.1821561338289963
1 0.1988888888888889 0.4144981412639405 0.2777777777777778 0.08550185873605948
1 0.2588888888888889 0.7100371747211895 0.4022222222222222 0.3866171003717472
1 0.6977777777777778 0.6858736059479553 0.04 0.08550185873605948
1 0.6288888888888889 0.8364312267657992 0.03111111111111111 0.03717472118959107
1 0.7988888888888889 0.7676579925650557 0.07333333333333333 0.07063197026022304
1 0.7855555555555556 0.8754646840148699 0.028888888888888888 0.0483271375464684
1 0.5355555555555556 0.879182156133829 0.11555555555555555 0.040892193308550186
1 0.5711111111111111 0.21933085501858735 0.026666666666666665 0.05204460966542751
1 0.6888888888888889 0.32899628252788105 0.06222222222222222 0.09293680297397769
1 0.7822222222222223 0.5055762081784386 0.04888888888888889 0.08178438661710037
1 0.7711111111111111 0.3271375464684015 0.03111111111111111 0.08178438661710037
1 0.6533333333333333 0.7676579925650557 0.07111111111111111 0.07806691449814127
1 0.5522222222222222 0.3308550185873606 0.04666666666666667 0.08921933085501858
