1 0.31 0.29182156133828996 0.3888888888888889 0.17472118959107805
1 0.22666666666666666 0.4219330855018587 0.21333333333333332 0.1003717472118959
1 0.2833333333333333 0.6895910780669144 0.33111111111111113 0.4423791821561338
1 0.7 0.6895910780669144 0.04 0.09293680297397769
1 0.5522222222222222 0.8643122676579925 0.20666666666666667 0.08550185873605948
1 0.7922222222222223 0.8828996282527881 0.03333333333333333 0.0483271375464684
1 0.7855555555555556 0.79182156133829 0.028888888888888888 0.05204460966542751
1 0.5766666666666667 0.21933085501858735 0.03333333333333333 0.05204460966542751
1 0.7511111111111111 0.3550185873605948 0.11555555555555555 0.055762081784386616
1 0.7 0.46654275092936803 0.06666666666666667 0.1895910780669145
1 0.5511111111111111 0.5762081784386617 0.026666666666666665 0.04460966542750929
1 0.6844444444444444 0.2453531598513011 0.13333333333333333 0.08921933085501858
