1 0.31555555555555553 0.2843866171003717 0.40444444444444444 0.1895910780669145
1 0.23555555555555555 0.4144981412639405 0.21777777777777776 0.09293680297397769
1 0.4722222222222222 0.4423791821561338 0.03777777777777778 0.04460966542750929
1 0.27666666666666667 0.6877323420074349 0.31777777777777777 0.4386617100371747
1 0.4677777777777778 0.8810408921933085 0.028888888888888888 0.05204460966542751
1 0.6977777777777778 0.6858736059479553 0.035555555555555556 0.08550185873605948
1 0.6688888888888889 0.7472118959107806 0.06666666666666667 0.05204460966542751
1 0.5233333333333333 0.8754646840148699 0.03777777777777778 0.0483271375464684
1 0.63 0.8587360594795539 0.03777777777777778 0.08921933085501858
1 0.5722222222222222 0.8773234200743494 0.028888888888888888 0.04460966542750929
1 0.7866666666666666 0.7862453531598512 0.026666666666666665 0.0483271375464684
1 0.7855555555555556 0.8773234200743494 0.028888888888888888 0.04460966542750929
1 0.8177777777777778 0.7490706319702601 0.03111111111111111 0.0483271375464684
1 0.57 0.21933085501858735 0.028888888888888888 0.05204460966542751
1 0.7822222222222223 0.4869888475836431 0.026666666666666665 0.05204460966542751
1 0.49 0.7472118959107806 0.028888888888888888 0.04460966542750929
1 0.5922222222222222 0.7509293680297398 0.04666666666666667 0.04460966542750929
1 0.6866666666666666 0.23977695167286245 0.035555555555555556 0.09293680297397769
1 0.6977777777777778 0.39776951672862454 0.057777777777777775 0.05204460966542751
1 0.6977777777777778 0.3494423791821561 0.03111111111111111 0.05204460966542751
