1 0.3111111111111111 0.2862453531598513 0.4 0.18587360594795538
1 0.5877777777777777 0.3327137546468401 0.042222222222222223 0.08550185873605948
1 0.7722222222222223 0.3327137546468401 0.051111111111111114 0.09293680297397769
1 0.25666666666666665 0.6412639405204461 0.2866666666666667 0.5241635687732342
1 0.42333333333333334 0.8401486988847583 0.051111111111111114 0.05204460966542751
1 0.49444444444444446 0.8828996282527881 0.028888888888888888 0.040892193308550186
1 0.8044444444444444 0.7732342007434944 0.04 0.08921933085501858
1 0.8566666666666667 0.8605947955390334 0.03333333333333333 0.09293680297397769
1 0.5844444444444444 0.6189591078066914 0.026666666666666665 0.055762081784386616
1 0.6455555555555555 0.3494423791821561 0.028888888888888888 0.04460966542750929
1 0.4288888888888889 0.4907063197026022 0.03111111111111111 0.05204460966542751
0 0.8066666666666666 0.620817843866171 0.026666666666666665 0.05204460966542751
0 0.5311111111111111 0.879182156133829 0.026666666666666665 0.0483271375464684
1 0.58 0.2639405204460966 0.035555555555555556 0.05204460966542751
1 0.7044444444444444 0.4907063197026022 0.03111111111111111 0.05204460966542751
