1 0.31444444444444447 0.2862453531598513 0.4022222222222222 0.18587360594795538
1 0.22 0.4163568773234201 0.20444444444444446 0.08921933085501858
1 0.21 0.5130111524163569 0.18 0.08921933085501858
1 0.24666666666666667 0.7342007434944238 0.2577777777777778 0.36059479553903345
1 0.4222222222222222 0.8605947955390334 0.08888888888888889 0.08550185873605948
1 0.4955555555555556 0.8773234200743494 0.026666666666666665 0.05204460966542751
1 0.5455555555555556 0.8420074349442379 0.024444444444444446 0.040892193308550186
1 0.8066666666666666 0.7676579925650557 0.05333333333333333 0.09293680297397769
1 0.6466666666666666 0.3494423791821561 0.03111111111111111 0.04460966542750929
1 0.59 0.31226765799256506 0.028888888888888888 0.05204460966542751
1 0.8566666666666667 0.8587360594795539 0.028888888888888888 0.08921933085501858
1 0.7488888888888889 0.3104089219330855 0.026666666666666665 0.0483271375464684
0 0.8088888888888889 0.6152416356877323 0.026666666666666665 0.0483271375464684
0 0.5333333333333333 0.879182156133829 0.026666666666666665 0.0483271375464684
1 0.79 0.258364312267658 0.028888888888888888 0.0483271375464684
1 0.7033333333333334 0.258364312267658 0.028888888888888888 0.0483271375464684
