1 0.2788888888888889 0.2862453531598513 0.43777777777777777 0.17100371747211895
1 0.2288888888888889 0.4219330855018587 0.30666666666666664 0.09293680297397769
1 0.2688888888888889 0.6858736059479553 0.3688888888888889 0.4423791821561338
1 0.6977777777777778 0.6895910780669144 0.04 0.09293680297397769
1 0.5733333333333334 0.8828996282527881 0.026666666666666665 0.0483271375464684
1 0.6311111111111111 0.8438661710037174 0.026666666666666665 0.04460966542750929
1 0.7866666666666666 0.7899628252788103 0.026666666666666665 0.0483271375464684
1 0.7844444444444444 0.8828996282527881 0.026666666666666665 0.0483271375464684
1 0.6733333333333333 0.3159851301115241 0.03111111111111111 0.05204460966542751
1 0.6988888888888889 0.35687732342007433 0.028888888888888888 0.04460966542750929
1 0.5688888888888889 0.22490706319702602 0.03111111111111111 0.0483271375464684
1 0.6822222222222222 0.2695167286245353 0.03111111111111111 0.0483271375464684
