1 0.28888888888888886 0.2862453531598513 0.36 0.1933085501858736
1 0.22555555555555556 0.4182156133828996 0.20222222222222222 0.08550185873605948
1 0.21888888888888888 0.5074349442379182 0.12222222222222222 0.09293680297397769
1 0.28 0.7342007434944238 0.3466666666666667 0.36059479553903345
1 0.49666666666666665 0.8847583643122676 0.028888888888888888 0.04460966542750929
1 0.5933333333333334 0.3327137546468401 0.04 0.08550185873605948
1 0.6422222222222222 0.3550185873605948 0.035555555555555556 0.0483271375464684
1 0.8077777777777778 0.7732342007434944 0.042222222222222223 0.08921933085501858
1 0.7066666666666667 0.775092936802974 0.035555555555555556 0.07806691449814127
1 0.7411111111111112 0.31226765799256506 0.03333333333333333 0.04460966542750929
1 0.76 0.35130111524163565 0.03111111111111111 0.0483271375464684
0 0.53 0.8847583643122676 0.028888888888888888 0.05204460966542751
0 0.8066666666666666 0.6226765799256505 0.026666666666666665 0.0483271375464684
1 0.8555555555555555 0.845724907063197 0.03111111111111111 0.0483271375464684
1 0.5955555555555555 0.845724907063197 0.03111111111111111 0.0483271375464684
