1 0.3011111111111111 0.2806691449814126 0.3977777777777778 0.1821561338289963
1 0.26 0.6412639405204461 0.3511111111111111 0.5315985130111524
1 0.6966666666666667 0.6802973977695167 0.03777777777777778 0.08921933085501858
1 0.7877777777777778 0.7843866171003717 0.028888888888888888 0.05204460966542751
1 0.53 0.8773234200743494 0.14444444444444443 0.05204460966542751
1 0.63 0.8364312267657992 0.028888888888888888 0.05204460966542751
1 0.7844444444444444 0.8754646840148699 0.026666666666666665 0.0483271375464684
1 0.6844444444444444 0.395910780669145 0.03111111111111111 0.055762081784386616
1 0.68 0.26022304832713755 0.03111111111111111 0.05204460966542751
1 0.5566666666666666 0.7434944237918215 0.23333333333333334 0.12639405204460966
1 0.4766666666666667 0.43680297397769513 0.028888888888888888 0.055762081784386616
1 0.7833333333333333 0.5241635687732342 0.028888888888888888 0.05204460966542751
1 0.57 0.21561338289962825 0.028888888888888888 0.04460966542750929
