1 0.28888888888888886 0.2806691449814126 0.4311111111111111 0.1895910780669145
1 0.5866666666666667 0.3308550185873606 0.06666666666666667 0.08921933085501858
1 0.64 0.3531598513011152 0.04 0.05204460966542751
1 0.7477777777777778 0.3308550185873606 0.05555555555555555 0.08921933085501858
1 0.22333333333333333 0.4182156133828996 0.22444444444444445 0.09293680297397769
1 0.2633333333333333 0.6858736059479553 0.3488888888888889 0.4423791821561338
1 0.49444444444444446 0.8847583643122676 0.028888888888888888 0.04460966542750929
1 0.8088888888888889 0.7732342007434944 0.04 0.08178438661710037
1 0.7577777777777778 0.8420074349442379 0.022222222222222223 0.055762081784386616
0 0.8055555555555556 0.6152416356877323 0.024444444444444446 0.0483271375464684
0 0.5311111111111111 0.8810408921933085 0.026666666666666665 0.04460966542750929
1 0.6411111111111111 0.241635687732342 0.18888888888888888 0.0966542750929368
1 0.5855555555555556 0.6189591078066914 0.028888888888888888 0.055762081784386616
