0 0.5333333333333333 0.8810408921933085 0.026666666666666665 0.04460966542750929
0 0.8088888888888889 0.6133828996282528 0.026666666666666665 0.04460966542750929
1 0.8144444444444444 0.7732342007434944 0.051111111111111114 0.08921933085501858
1 0.27666666666666667 0.2843866171003717 0.3488888888888889 0.1821561338289963
1 0.62 0.3308550185873606 0.09333333333333334 0.08921933085501858
1 0.64 0.23605947955390333 0.04 0.09293680297397769
1 0.25666666666666665 0.4182156133828996 0.29555555555555557 0.1003717472118959
1 0.2511111111111111 0.6951672862453532 0.30666666666666664 0.44609665427509293
1 0.4255555555555556 0.8420074349442379 0.03777777777777778 0.0483271375464684
1 0.49444444444444446 0.8810408921933085 0.03333333333333333 0.05204460966542751
1 0.4222222222222222 0.5762081784386617 0.03111111111111111 0.05204460966542751
1 0.7088888888888889 0.7713754646840149 0.035555555555555556 0.09293680297397769
1 0.43333333333333335 0.7732342007434944 0.05333333333333333 0.08921933085501858
1 0.7544444444444445 0.32899628252788105 0.042222222222222223 0.09293680297397769
1 0.7822222222222223 0.258364312267658 0.03111111111111111 0.0483271375464684
