1 0.30444444444444446 0.2955390334572491 0.39111111111111113 0.1895910780669145
1 0.3022222222222222 0.6449814126394052 0.39111111111111113 0.5315985130111524
1 0.6955555555555556 0.6970260223048327 0.03111111111111111 0.09293680297397769
1 0.6911111111111111 0.2695167286245353 0.03111111111111111 0.0483271375464684
1 0.7822222222222223 0.7955390334572491 0.035555555555555556 0.04460966542750929
1 0.63 0.845724907063197 0.028888888888888888 0.0483271375464684
1 0.7855555555555556 0.8866171003717471 0.028888888888888888 0.0483271375464684
1 0.6977777777777778 0.362453531598513 0.022222222222222223 0.0483271375464684
1 0.6888888888888889 0.44981412639405205 0.026666666666666665 0.05204460966542751
1 0.78 0.5148698884758364 0.035555555555555556 0.08550185873605948
1 0.5755555555555556 0.8828996282527881 0.03111111111111111 0.0483271375464684
1 0.8166666666666667 0.7565055762081784 0.03333333333333333 0.040892193308550186
1 0.7177777777777777 0.4962825278810409 0.03111111111111111 0.0483271375464684
1 0.6 0.22304832713754646 0.08444444444444445 0.05204460966542751
0 0.16333333333333333 0.620817843866171 0.028888888888888888 0.05204460966542751
1 0.6066666666666667 0.775092936802974 0.03111111111111111 0.08550185873605948
