1 0.27555555555555555 0.29182156133828996 0.4444444444444444 0.1821561338289963
1 0.21 0.4144981412639405 0.24222222222222223 0.08550185873605948
1 0.2822222222222222 0.6914498141263941 0.39111111111111113 0.4386617100371747
1 0.7 0.6877323420074349 0.04 0.08921933085501858
1 0.5711111111111111 0.8828996282527881 0.026666666666666665 0.0483271375464684
1 0.7877777777777778 0.8828996282527881 0.03777777777777778 0.0483271375464684
1 0.7855555555555556 0.79182156133829 0.028888888888888888 0.04460966542750929
1 0.6122222222222222 0.24349442379182154 0.22 0.09293680297397769
1 0.6888888888888889 0.33643122676579923 0.06666666666666667 0.08550185873605948
1 0.77 0.3327137546468401 0.042222222222222223 0.09293680297397769
1 0.63 0.8438661710037174 0.028888888888888888 0.05204460966542751
1 0.7733333333333333 0.4907063197026022 0.026666666666666665 0.05204460966542751
1 0.5522222222222222 0.33457249070631967 0.03777777777777778 0.07434944237918215
