1 0.6155555555555555 0.23234200743494424 0.026666666666666665 0.040892193308550186
0 0.11555555555555555 0.7156133828996282 0.022222222222222223 0.040892193308550186
0 0.45 0.7973977695167286 0.024444444444444446 0.040892193308550186
0 0.6366666666666667 0.7992565055762081 0.024444444444444446 0.04460966542750929
0 0.6822222222222222 0.4535315985130111 0.022222222222222223 0.04460966542750929
0 0.7533333333333333 0.5018587360594795 0.05333333333333333 0.04460966542750929
0 0.7088888888888889 0.5390334572490706 0.03111111111111111 0.05204460966542751
0 0.8322222222222222 0.5446096654275092 0.02 0.03345724907063197
0 0.8788888888888889 0.5204460966542751 0.03777777777777778 0.08178438661710037
0 0.8777777777777778 0.4535315985130111 0.022222222222222223 0.05204460966542751
0 0.0811111111111111 0.4052044609665427 0.024444444444444446 0.04460966542750929
0 0.1288888888888889 0.40892193308550184 0.035555555555555556 0.05204460966542751
0 0.12444444444444444 0.4962825278810409 0.022222222222222223 0.040892193308550186
0 0.16555555555555557 0.533457249070632 0.028888888888888888 0.055762081784386616
0 0.22 0.5353159851301115 0.026666666666666665 0.04460966542750929
0 0.08666666666666667 0.5408921933085502 0.026666666666666665 0.0483271375464684
1 0.77 0.275092936802974 0.024444444444444446 0.05204460966542751
1 0.3611111111111111 0.27137546468401486 0.024444444444444446 0.04460966542750929
