1 0.29 0.2899628252788104 0.33555555555555555 0.18587360594795538
1 0.6177777777777778 0.3327137546468401 0.09333333333333334 0.09293680297397769
1 0.7488888888888889 0.3308550185873606 0.05333333333333333 0.08921933085501858
1 0.7055555555555556 0.4907063197026022 0.028888888888888888 0.04460966542750929
1 0.2511111111111111 0.4702602230483271 0.27111111111111114 0.17472118959107805
1 0.28444444444444444 0.7304832713754646 0.3377777777777778 0.36059479553903345
1 0.49444444444444446 0.879182156133829 0.028888888888888888 0.0483271375464684
1 0.81 0.7732342007434944 0.042222222222222223 0.08178438661710037
0 0.53 0.8828996282527881 0.028888888888888888 0.0483271375464684
0 0.8055555555555556 0.6189591078066914 0.028888888888888888 0.0483271375464684
1 0.5866666666666667 0.6691449814126393 0.03111111111111111 0.04460966542750929
1 0.7077777777777777 0.7732342007434944 0.03777777777777778 0.08921933085501858
1 0.49 0.49256505576208176 0.028888888888888888 0.055762081784386616
1 0.8544444444444445 0.8438661710037174 0.028888888888888888 0.05204460966542751
1 0.7566666666666667 0.8382899628252788 0.024444444444444446 0.0483271375464684
