1 0.3231850117096019 0.28252788104089216 0.40749414519906324 0.17100371747211895
1 0.6662763466042154 0.3271375464684015 0.11943793911007025 0.07434944237918215
1 0.2939110070257611 0.637546468401487 0.34894613583138173 0.5241635687732342
1 0.5257611241217799 0.8810408921933085 0.03044496487119438 0.04460966542750929
1 0.8559718969555035 0.7676579925650557 0.0585480093676815 0.08550185873605948
1 0.7564402810304449 0.7602230483271375 0.06557377049180328 0.08550185873605948
0 0.5620608899297423 0.8773234200743494 0.02810304449648712 0.04460966542750929
0 0.8536299765807962 0.6133828996282528 0.03044496487119438 0.05204460966542751
1 0.9039812646370023 0.8401486988847583 0.02810304449648712 0.03717472118959107
1 0.7447306791569087 0.483271375464684 0.02810304449648712 0.04460966542750929
