1 0.3211111111111111 0.2899628252788104 0.5266666666666666 0.18587360594795538
1 0.24888888888888888 0.42379182156133827 0.35555555555555557 0.08921933085501858
1 0.27 0.7137546468401487 0.3888888888888889 0.3940520446096654
1 0.5477777777777778 0.8884758364312267 0.08222222222222222 0.05204460966542751
1 0.5066666666666667 0.775092936802974 0.044444444444444446 0.08550185873605948
1 0.6977777777777778 0.6914498141263941 0.04 0.08921933085501858
1 0.7844444444444444 0.8847583643122676 0.03111111111111111 0.04460966542750929
1 0.6866666666666666 0.2639405204460966 0.035555555555555556 0.04460966542750929
1 0.7 0.35687732342007433 0.03111111111111111 0.05947955390334572
1 0.5522222222222222 0.5836431226765799 0.028888888888888888 0.05204460966542751
1 0.6944444444444444 0.4962825278810409 0.028888888888888888 0.0483271375464684
1 0.7733333333333333 0.516728624535316 0.044444444444444446 0.08921933085501858
1 0.7866666666666666 0.79182156133829 0.026666666666666665 0.05204460966542751
1 0.6311111111111111 0.845724907063197 0.03111111111111111 0.0483271375464684
