1 0.2962529274004684 0.2843866171003717 0.46604215456674475 0.1821561338289963
1 0.24707259953161592 0.4107806691449814 0.3770491803278688 0.09293680297397769
1 0.2857142857142857 0.6765799256505576 0.38875878220140514 0.4312267657992565
1 0.7400468384074942 0.6802973977695167 0.04215456674473068 0.08178438661710037
1 0.7447306791569087 0.36802973977695164 0.05152224824355972 0.0966542750929368
1 0.49414519906323184 0.8345724907063197 0.03747072599531616 0.040892193308550186
1 0.5784543325526932 0.8810408921933085 0.08899297423887588 0.05204460966542751
1 0.6662763466042154 0.8327137546468402 0.0351288056206089 0.04460966542750929
1 0.8348946135831382 0.8754646840148699 0.03981264637002342 0.0483271375464684
1 0.8313817330210773 0.7862453531598512 0.03278688524590164 0.0483271375464684
1 0.6686182669789227 0.2379182156133829 0.17096018735362997 0.08921933085501858
1 0.7740046838407494 0.4851301115241635 0.0351288056206089 0.040892193308550186
1 0.724824355971897 0.7434944237918215 0.03044496487119438 0.04460966542750929
