1 0.2833333333333333 0.2862453531598513 0.37555555555555553 0.17843866171003717
1 0.22444444444444445 0.4591078066914498 0.22666666666666666 0.1821561338289963
1 0.3088888888888889 0.7304832713754646 0.41333333333333333 0.3531598513011152
1 0.8133333333333334 0.7657992565055761 0.044444444444444446 0.08178438661710037
1 0.8544444444444445 0.8382899628252788 0.03333333333333333 0.055762081784386616
0 0.53 0.8773234200743494 0.028888888888888888 0.05204460966542751
0 0.8066666666666666 0.6152416356877323 0.026666666666666665 0.0483271375464684
1 0.7422222222222222 0.3048327137546468 0.03111111111111111 0.04460966542750929
1 0.6422222222222222 0.3494423791821561 0.035555555555555556 0.04460966542750929
1 0.6944444444444444 0.7267657992565055 0.042222222222222223 0.08550185873605948
1 0.5911111111111111 0.32899628252788105 0.035555555555555556 0.09293680297397769
