1 0.3022222222222222 0.28810408921933084 0.4 0.1821561338289963
1 0.5933333333333334 0.33457249070631967 0.05333333333333333 0.08921933085501858
1 0.7488888888888889 0.3327137546468401 0.05333333333333333 0.08550185873605948
1 0.6433333333333333 0.3550185873605948 0.03777777777777778 0.0483271375464684
1 0.7811111111111111 0.2620817843866171 0.028888888888888888 0.040892193308550186
1 0.22444444444444445 0.4219330855018587 0.2088888888888889 0.09293680297397769
1 0.29888888888888887 0.6895910780669144 0.33111111111111113 0.45724907063197023
1 0.11777777777777777 0.8382899628252788 0.06666666666666667 0.1524163568773234
1 0.49444444444444446 0.8810408921933085 0.028888888888888888 0.04460966542750929
1 0.8111111111111111 0.775092936802974 0.05333333333333333 0.09293680297397769
0 0.8066666666666666 0.6189591078066914 0.026666666666666665 0.0483271375464684
0 0.5311111111111111 0.8828996282527881 0.026666666666666665 0.0483271375464684
1 0.7555555555555555 0.8401486988847583 0.026666666666666665 0.04460966542750929
1 0.8544444444444445 0.8401486988847583 0.028888888888888888 0.04460966542750929
1 0.7055555555555556 0.48884758364312264 0.028888888888888888 0.0483271375464684
1 0.5855555555555556 0.620817843866171 0.028888888888888888 0.04460966542750929
1 0.5044444444444445 0.6189591078066914 0.06222222222222222 0.0483271375464684
