0 0.2722222222222222 0.22862453531598512 0.02 0.0483271375464684
0 0.21333333333333332 0.26765799256505574 0.022222222222222223 0.04460966542750929
0 0.06444444444444444 0.24349442379182154 0.035555555555555556 0.09293680297397769
0 0.06555555555555556 0.5111524163568772 0.028888888888888888 0.09293680297397769
0 0.11888888888888889 0.49256505576208176 0.02 0.055762081784386616
0 0.16666666666666666 0.5297397769516728 0.017777777777777778 0.0483271375464684
0 0.10888888888888888 0.5799256505576208 0.022222222222222223 0.05204460966542751
0 0.71 0.5297397769516728 0.02 0.0483271375464684
0 0.7888888888888889 0.5315985130111524 0.022222222222222223 0.04460966542750929
0 0.7222222222222222 0.3215613382899628 0.022222222222222223 0.0483271375464684
