1 0.3075117370892019 0.2843866171003717 0.4225352112676056 0.1821561338289963
1 0.22769953051643194 0.4182156133828996 0.23943661971830987 0.09293680297397769
1 0.2793427230046948 0.6821561338289962 0.3568075117370892 0.4423791821561338
1 0.7488262910798122 0.7695167286245352 0.04225352112676056 0.0966542750929368
1 0.857981220657277 0.7676579925650557 0.04460093896713615 0.09293680297397769
1 0.5234741784037559 0.8773234200743494 0.051643192488262914 0.05204460966542751
1 0.795774647887324 0.32342007434944237 0.056338028169014086 0.08921933085501858
1 0.6279342723004695 0.32899628252788105 0.03990610328638498 0.08550185873605948
0 0.8532863849765259 0.6115241635687733 0.025821596244131457 0.0483271375464684
0 0.5598591549295775 0.8736059479553903 0.025821596244131457 0.04460966542750929
1 0.511737089201878 0.5947955390334572 0.07042253521126761 0.08178438661710037
1 0.5164319248826291 0.4851301115241635 0.03286384976525822 0.0483271375464684
