0 0.06444444444444444 0.2453531598513011 0.026666666666666665 0.0966542750929368
0 0.12 0.42379182156133827 0.026666666666666665 0.08178438661710037
0 0.06777777777777778 0.5111524163568772 0.028888888888888888 0.07806691449814127
0 0.36333333333333334 0.2639405204460966 0.051111111111111114 0.04460966542750929
0 0.7788888888888889 0.2657992565055762 0.024444444444444446 0.0483271375464684
0 0.8266666666666667 0.22676579925650556 0.022222222222222223 0.05204460966542751
0 0.93 0.2527881040892193 0.03777777777777778 0.0966542750929368
0 0.9333333333333333 0.516728624535316 0.03111111111111111 0.08178438661710037
0 0.7944444444444444 0.5371747211895911 0.028888888888888888 0.0483271375464684
0 0.7455555555555555 0.4962825278810409 0.024444444444444446 0.0483271375464684
1 0.29333333333333333 0.31970260223048325 0.026666666666666665 0.04460966542750929
1 0.6422222222222222 0.22676579925650556 0.026666666666666665 0.05204460966542751
