1 0.32 0.2862453531598513 0.41333333333333333 0.17843866171003717
1 0.6388888888888888 0.23977695167286245 0.15333333333333332 0.09293680297397769
1 0.7055555555555556 0.3531598513011152 0.028888888888888888 0.04460966542750929
1 0.2922222222222222 0.6431226765799256 0.31333333333333335 0.5353159851301115
1 0.6977777777777778 0.6877323420074349 0.04 0.08921933085501858
1 0.7855555555555556 0.7881040892193308 0.028888888888888888 0.05204460966542751
1 0.6311111111111111 0.8420074349442379 0.03111111111111111 0.0483271375464684
1 0.5166666666666667 0.8810408921933085 0.028888888888888888 0.05204460966542751
1 0.7833333333333333 0.8828996282527881 0.028888888888888888 0.040892193308550186
1 0.6411111111111111 0.5743494423791822 0.028888888888888888 0.0483271375464684
1 0.7655555555555555 0.35130111524163565 0.028888888888888888 0.0483271375464684
1 0.4922222222222222 0.7509293680297398 0.028888888888888888 0.05204460966542751
1 0.7722222222222223 0.48884758364312264 0.028888888888888888 0.0483271375464684
