1 0.2992957746478873 0.5576208178438662 0.3544600938967136 0.7137546468401487
1 0.5011737089201878 0.30855018587360594 0.03990610328638498 0.13382899628252787
1 0.5023474178403756 0.4386617100371747 0.028169014084507043 0.04460966542750929
1 0.5258215962441315 0.7657992565055761 0.056338028169014086 0.08921933085501858
1 0.7359154929577465 0.6858736059479553 0.03990610328638498 0.08550185873605948
1 0.6056338028169014 0.8773234200743494 0.03286384976525822 0.05204460966542751
1 0.7699530516431925 0.3327137546468401 0.13145539906103287 0.09293680297397769
1 0.6772300469483569 0.23605947955390333 0.17136150234741784 0.1003717472118959
1 0.818075117370892 0.6654275092936802 0.03051643192488263 0.04460966542750929
1 0.8333333333333334 0.7843866171003717 0.028169014084507043 0.05947955390334572
1 0.82981220657277 0.8773234200743494 0.03051643192488263 0.05204460966542751
1 0.6666666666666666 0.8382899628252788 0.03286384976525822 0.0483271375464684
1 0.7382629107981221 0.4163568773234201 0.07276995305164319 0.08921933085501858
