1 0.31103286384976525 0.5408921933085502 0.4295774647887324 0.7026022304832713
1 0.7582159624413146 0.7620817843866171 0.06103286384976526 0.08178438661710037
1 0.857981220657277 0.7639405204460966 0.04460093896713615 0.08550185873605948
1 0.6255868544600939 0.32342007434944237 0.03051643192488263 0.08921933085501858
1 0.676056338028169 0.21933085501858735 0.04225352112676056 0.05204460966542751
1 0.82981220657277 0.3475836431226766 0.03990610328638498 0.0483271375464684
1 0.7910798122065728 0.3066914498141264 0.028169014084507043 0.0483271375464684
1 0.6784037558685446 0.3494423791821561 0.03286384976525822 0.05204460966542751
1 0.573943661971831 0.8345724907063197 0.03051643192488263 0.0483271375464684
0 0.8556338028169014 0.6133828996282528 0.03051643192488263 0.05204460966542751
0 0.5610328638497653 0.8773234200743494 0.028169014084507043 0.05204460966542751
1 0.9061032863849765 0.8364312267657992 0.03286384976525822 0.05204460966542751
