1 0.31 0.5557620817843866 0.4022222222222222 0.7100371747211895
1 0.6466666666666666 0.241635687732342 0.04 0.08921933085501858
1 0.5966666666666667 0.33457249070631967 0.04666666666666667 0.0966542750929368
0 0.5311111111111111 0.8810408921933085 0.022222222222222223 0.04460966542750929
0 0.8066666666666666 0.6226765799256505 0.026666666666666665 0.0483271375464684
1 0.8133333333333334 0.775092936802974 0.044444444444444446 0.07806691449814127
1 0.7555555555555555 0.8401486988847583 0.026666666666666665 0.04460966542750929
1 0.8544444444444445 0.8438661710037174 0.028888888888888888 0.05204460966542751
1 0.6455555555555555 0.35687732342007433 0.03333333333333333 0.05204460966542751
1 0.7444444444444445 0.24721189591078066 0.10666666666666666 0.09293680297397769
