0 0.15777777777777777 0.4535315985130111 0.026666666666666665 0.04460966542750929
0 0.17222222222222222 0.4944237918215613 0.05555555555555555 0.04460966542750929
0 0.11888888888888889 0.5371747211895911 0.028888888888888888 0.040892193308550186
0 0.26222222222222225 0.5371747211895911 0.022222222222222223 0.040892193308550186
1 0.4588888888888889 0.6245353159851301 0.028888888888888888 0.04460966542750929
0 0.6944444444444444 0.4535315985130111 0.03333333333333333 0.04460966542750929
1 0.7322222222222222 0.362453531598513 0.028888888888888888 0.040892193308550186
0 0.8633333333333333 0.41263940520446096 0.06 0.04460966542750929
0 0.8733333333333333 0.5390334572490706 0.022222222222222223 0.04460966542750929
0 0.9177777777777778 0.5408921933085502 0.026666666666666665 0.0483271375464684
1 0.6477777777777778 0.6728624535315985 0.024444444444444446 0.04460966542750929
