0 0.13111111111111112 0.4070631970260223 0.022222222222222223 0.040892193308550186
0 0.12444444444444444 0.49814126394052044 0.026666666666666665 0.04460966542750929
0 0.16333333333333333 0.533457249070632 0.024444444444444446 0.040892193308550186
0 0.2 0.533457249070632 0.026666666666666665 0.0483271375464684
1 0.3622222222222222 0.2657992565055762 0.026666666666666665 0.040892193308550186
1 0.6133333333333333 0.22862453531598512 0.03111111111111111 0.040892193308550186
0 0.4477777777777778 0.7955390334572491 0.028888888888888888 0.03717472118959107
0 0.7066666666666667 0.5353159851301115 0.026666666666666665 0.05204460966542751
0 0.7444444444444445 0.47211895910780666 0.03111111111111111 0.0966542750929368
0 0.8744444444444445 0.5408921933085502 0.04666666666666667 0.0483271375464684
