1 0.6122222222222222 0.23048327137546468 0.028888888888888888 0.04460966542750929
1 0.36 0.2695167286245353 0.03111111111111111 0.040892193308550186
0 0.1322222222222222 0.4070631970260223 0.024444444444444446 0.040892193308550186
0 0.12222222222222222 0.4944237918215613 0.026666666666666665 0.03717472118959107
0 0.09333333333333334 0.533457249070632 0.022222222222222223 0.040892193308550186
0 0.16333333333333333 0.533457249070632 0.02 0.040892193308550186
0 0.1988888888888889 0.5297397769516728 0.024444444444444446 0.0483271375464684
0 0.4477777777777778 0.79182156133829 0.02 0.03717472118959107
0 0.7033333333333334 0.5353159851301115 0.024444444444444446 0.04460966542750929
0 0.8744444444444445 0.533457249070632 0.03777777777777778 0.040892193308550186
0 0.7411111111111112 0.4739776951672862 0.028888888888888888 0.08550185873605948
