0 0.09111111111111111 0.31226765799256506 0.03111111111111111 0.03717472118959107
1 0.07444444444444444 0.35687732342007433 0.028888888888888888 0.05204460966542751
0 0.65 0.8382899628252788 0.024444444444444446 0.040892193308550186
0 0.7811111111111111 0.7063197026022304 0.02 0.04460966542750929
1 0.8411111111111111 0.5353159851301115 0.024444444444444446 0.05204460966542751
1 0.8722222222222222 0.49814126394052044 0.03333333333333333 0.05204460966542751
1 0.8866666666666667 0.5390334572490706 0.026666666666666665 0.05204460966542751
1 0.9011111111111111 0.49814126394052044 0.024444444444444446 0.05947955390334572
0 0.9277777777777778 0.49256505576208176 0.024444444444444446 0.0483271375464684
0 0.9133333333333333 0.33457249070631967 0.026666666666666665 0.08178438661710037
