0 0.18555555555555556 0.5037174721189591 0.024444444444444446 0.0483271375464684
0 0.12 0.5408921933085502 0.026666666666666665 0.040892193308550186
1 0.45666666666666667 0.6301115241635687 0.02 0.040892193308550186
1 0.6455555555555555 0.6765799256505576 0.024444444444444446 0.04460966542750929
0 0.8977777777777778 0.5037174721189591 0.022222222222222223 0.0483271375464684
0 0.9222222222222223 0.5446096654275092 0.026666666666666665 0.055762081784386616
1 0.8133333333333334 0.45724907063197023 0.026666666666666665 0.05204460966542751
1 0.8677777777777778 0.4646840148698885 0.024444444444444446 0.05947955390334572
0 0.8444444444444444 0.4219330855018587 0.026666666666666665 0.0483271375464684
0 0.8788888888888889 0.4182156133828996 0.024444444444444446 0.0483271375464684
1 0.7322222222222222 0.3643122676579926 0.028888888888888888 0.04460966542750929
