0 0.13111111111111112 0.40892193308550184 0.022222222222222223 0.04460966542750929
0 0.12333333333333334 0.4944237918215613 0.024444444444444446 0.04460966542750929
0 0.16333333333333333 0.533457249070632 0.02 0.040892193308550186
0 0.1988888888888889 0.5353159851301115 0.024444444444444446 0.04460966542750929
1 0.3611111111111111 0.2657992565055762 0.024444444444444446 0.040892193308550186
0 0.44666666666666666 0.7936802973977695 0.026666666666666665 0.040892193308550186
0 0.7466666666666667 0.47211895910780666 0.03111111111111111 0.08921933085501858
0 0.7044444444444444 0.5315985130111524 0.022222222222222223 0.04460966542750929
0 0.8733333333333333 0.5390334572490706 0.044444444444444446 0.04460966542750929
1 0.6144444444444445 0.23234200743494424 0.024444444444444446 0.055762081784386616
