1 0.06 0.3661710037174721 0.022222222222222223 0.055762081784386616
1 0.4577777777777778 0.6189591078066914 0.026666666666666665 0.0483271375464684
1 0.6455555555555555 0.6691449814126393 0.024444444444444446 0.04460966542750929
1 0.7266666666666667 0.3550185873605948 0.026666666666666665 0.040892193308550186
0 0.6944444444444444 0.44609665427509293 0.024444444444444446 0.04460966542750929
0 0.8111111111111111 0.44609665427509293 0.022222222222222223 0.04460966542750929
0 0.7455555555555555 0.5 0.024444444444444446 0.0483271375464684
0 0.92 0.5353159851301115 0.03111111111111111 0.05204460966542751
0 0.8388888888888889 0.41263940520446096 0.028888888888888888 0.04460966542750929
0 0.09777777777777778 0.4962825278810409 0.026666666666666665 0.0483271375464684
