0 0.13333333333333333 0.4107806691449814 0.026666666666666665 0.055762081784386616
1 0.36333333333333334 0.27137546468401486 0.028888888888888888 0.04460966542750929
1 0.6133333333333333 0.2379182156133829 0.022222222222222223 0.04460966542750929
0 0.12444444444444444 0.5018587360594795 0.022222222222222223 0.04460966542750929
0 0.09555555555555556 0.5390334572490706 0.022222222222222223 0.04460966542750929
0 0.16444444444444445 0.5390334572490706 0.026666666666666665 0.04460966542750929
0 0.2 0.5353159851301115 0.03111111111111111 0.05204460966542751
0 0.4477777777777778 0.7973977695167286 0.028888888888888888 0.040892193308550186
0 0.7055555555555556 0.5408921933085502 0.02 0.0483271375464684
0 0.7411111111111112 0.4758364312267658 0.028888888888888888 0.08178438661710037
0 0.8744444444444445 0.5371747211895911 0.042222222222222223 0.040892193308550186
