1 0.05333333333333333 0.34572490706319703 0.10222222222222223 0.08178438661710037
0 0.31555555555555553 0.2527881040892193 0.36444444444444446 0.0966542750929368
0 0.5466666666666666 0.27137546468401486 0.026666666666666665 0.04460966542750929
1 0.5766666666666667 0.2527881040892193 0.024444444444444446 0.08178438661710037
1 0.7744444444444445 0.3587360594795539 0.024444444444444446 0.0483271375464684
1 0.20666666666666667 0.36059479553903345 0.026666666666666665 0.05204460966542751
0 0.04 0.275092936802974 0.026666666666666665 0.04460966542750929
0 0.39111111111111113 0.4052044609665427 0.022222222222222223 0.05204460966542751
0 0.5488888888888889 0.4944237918215613 0.026666666666666665 0.03717472118959107
0 0.5488888888888889 0.5762081784386617 0.026666666666666665 0.05204460966542751
0 0.5522222222222222 0.8438661710037174 0.024444444444444446 0.04460966542750929
0 0.7444444444444445 0.5799256505576208 0.022222222222222223 0.05204460966542751
