0 0.1988888888888889 0.2527881040892193 0.042222222222222223 0.05204460966542751
0 0.21555555555555556 0.29925650557620814 0.03111111111111111 0.0483271375464684
0 0.1 0.31970260223048325 0.04888888888888889 0.08921933085501858
0 0.15555555555555556 0.34386617100371747 0.04 0.040892193308550186
0 0.11555555555555555 0.5204460966542751 0.05333333333333333 0.04460966542750929
0 0.2088888888888889 0.5185873605947955 0.022222222222222223 0.0483271375464684
0 0.15888888888888889 0.4758364312267658 0.028888888888888888 0.04460966542750929
0 0.12555555555555556 0.47769516728624534 0.028888888888888888 0.040892193308550186
1 0.6622222222222223 0.3531598513011152 0.026666666666666665 0.05947955390334572
0 0.48 0.483271375464684 0.026666666666666665 0.04460966542750929
0 0.07888888888888888 0.6747211895910781 0.051111111111111114 0.09293680297397769
0 0.07111111111111111 0.8550185873605948 0.04 0.10408921933085502
