1 0.051111111111111114 0.3215613382899628 0.022222222222222223 0.0483271375464684
0 0.08333333333333333 0.3550185873605948 0.024444444444444446 0.040892193308550186
1 0.2822222222222222 0.3178438661710037 0.026666666666666665 0.0483271375464684
1 0.3466666666666667 0.3215613382899628 0.022222222222222223 0.0483271375464684
0 0.46444444444444444 0.22676579925650556 0.04 0.04460966542750929
0 0.5022222222222222 0.24721189591078066 0.03111111111111111 0.09293680297397769
1 0.4533333333333333 0.31970260223048325 0.022222222222222223 0.05204460966542751
1 0.43222222222222223 0.24721189591078066 0.028888888888888888 0.08550185873605948
1 0.6922222222222222 0.3215613382899628 0.024444444444444446 0.055762081784386616
1 0.7655555555555555 0.22862453531598512 0.024444444444444446 0.040892193308550186
0 0.7411111111111112 0.35687732342007433 0.028888888888888888 0.05204460966542751
0 0.12333333333333334 0.22862453531598512 0.024444444444444446 0.040892193308550186
