0 0.06 0.2657992565055762 0.022222222222222223 0.0483271375464684
0 0.06777777777777778 0.4739776951672862 0.13111111111111112 0.1970260223048327
0 0.14444444444444443 0.5018587360594795 0.044444444444444446 0.05204460966542751
1 0.17444444444444446 0.550185873605948 0.028888888888888888 0.05947955390334572
0 0.2511111111111111 0.42936802973977695 0.035555555555555556 0.07806691449814127
0 0.3877777777777778 0.4312267657992565 0.03333333333333333 0.08178438661710037
0 0.3411111111111111 0.42936802973977695 0.03333333333333333 0.08550185873605948
0 0.42666666666666664 0.41263940520446096 0.022222222222222223 0.04460966542750929
0 0.43777777777777777 0.5018587360594795 0.026666666666666665 0.05204460966542751
0 0.4911111111111111 0.4962825278810409 0.026666666666666665 0.055762081784386616
0 0.5288888888888889 0.5408921933085502 0.026666666666666665 0.0483271375464684
0 0.5411111111111111 0.4107806691449814 0.024444444444444446 0.040892193308550186
0 0.6633333333333333 0.5408921933085502 0.024444444444444446 0.055762081784386616
0 0.7244444444444444 0.4107806691449814 0.026666666666666665 0.055762081784386616
0 0.8766666666666667 0.41263940520446096 0.028888888888888888 0.04460966542750929
0 0.8988888888888888 0.45167286245353155 0.028888888888888888 0.0483271375464684
0 0.96 0.43308550185873607 0.08 0.1003717472118959
0 0.9777777777777777 0.5130111524163569 0.044444444444444446 0.08921933085501858
0 0.8911111111111111 0.5055762081784386 0.022222222222222223 0.03717472118959107
