1 0.36333333333333334 0.26765799256505574 0.024444444444444446 0.04460966542750929
1 0.6166666666666667 0.23234200743494424 0.028888888888888888 0.0483271375464684
0 0.13555555555555557 0.4163568773234201 0.022222222222222223 0.04460966542750929
0 0.12555555555555556 0.49814126394052044 0.024444444444444446 0.03717472118959107
0 0.16777777777777778 0.5371747211895911 0.028888888888888888 0.0483271375464684
0 0.20222222222222222 0.5390334572490706 0.026666666666666665 0.05204460966542751
0 0.45222222222222225 0.7973977695167286 0.024444444444444446 0.0483271375464684
0 0.7877777777777778 0.7992565055762081 0.024444444444444446 0.05204460966542751
0 0.7466666666666667 0.4758364312267658 0.03111111111111111 0.0966542750929368
0 0.8855555555555555 0.5408921933085502 0.024444444444444446 0.040892193308550186
