1 0.7322222222222222 0.3661710037174721 0.024444444444444446 0.055762081784386616
1 0.65 0.6728624535315985 0.024444444444444446 0.04460966542750929
1 0.46111111111111114 0.6245353159851301 0.024444444444444446 0.04460966542750929
0 0.15444444444444444 0.44609665427509293 0.024444444444444446 0.04460966542750929
0 0.17333333333333334 0.5 0.04888888888888889 0.0483271375464684
0 0.6922222222222222 0.4535315985130111 0.03777777777777778 0.05204460966542751
0 0.8444444444444444 0.41263940520446096 0.026666666666666665 0.04460966542750929
0 0.8788888888888889 0.41263940520446096 0.024444444444444446 0.04460966542750929
0 0.8733333333333333 0.5408921933085502 0.026666666666666665 0.0483271375464684
0 0.9222222222222223 0.5427509293680297 0.03111111111111111 0.05204460966542751
0 0.2611111111111111 0.5371747211895911 0.024444444444444446 0.040892193308550186
0 0.12222222222222222 0.5371747211895911 0.022222222222222223 0.0483271375464684
