1 0.6122222222222222 0.22676579925650556 0.028888888888888888 0.04460966542750929
1 0.36 0.2639405204460966 0.022222222222222223 0.03717472118959107
0 0.7433333333333333 0.44609665427509293 0.02 0.04460966542750929
0 0.8833333333333333 0.5353159851301115 0.024444444444444446 0.04460966542750929
0 0.7355555555555555 0.49256505576208176 0.026666666666666665 0.040892193308550186
0 0.7866666666666666 0.7955390334572491 0.022222222222222223 0.04460966542750929
0 0.4488888888888889 0.7881040892193308 0.026666666666666665 0.04460966542750929
0 0.13111111111111112 0.40334572490706316 0.022222222222222223 0.040892193308550186
0 0.12444444444444444 0.49256505576208176 0.022222222222222223 0.0483271375464684
0 0.09222222222222222 0.5353159851301115 0.02 0.04460966542750929
0 0.1622222222222222 0.5315985130111524 0.022222222222222223 0.04460966542750929
0 0.20222222222222222 0.533457249070632 0.026666666666666665 0.0483271375464684
