0 0.19777777777777777 0.258364312267658 0.044444444444444446 0.0483271375464684
0 0.10111111111111111 0.3271375464684015 0.04666666666666667 0.0966542750929368
0 0.21555555555555556 0.3048327137546468 0.03111111111111111 0.05204460966542751
0 0.15555555555555556 0.3475836431226766 0.044444444444444446 0.0483271375464684
0 0.24333333333333335 0.3940520446096654 0.03777777777777778 0.05204460966542751
1 0.6611111111111111 0.35687732342007433 0.028888888888888888 0.06691449814126393
0 0.11777777777777777 0.5260223048327137 0.05333333333333333 0.055762081784386616
0 0.07888888888888888 0.6728624535315985 0.051111111111111114 0.0966542750929368
0 0.07222222222222222 0.8531598513011152 0.03777777777777778 0.1003717472118959
0 0.21 0.5241635687732342 0.028888888888888888 0.05204460966542751
0 0.12222222222222222 0.4795539033457249 0.022222222222222223 0.05204460966542751
0 0.16 0.47769516728624534 0.026666666666666665 0.0483271375464684
1 0.9022222222222223 0.258364312267658 0.026666666666666665 0.06319702602230483
