0 0.12 0.5390334572490706 0.026666666666666665 0.04460966542750929
0 0.18777777777777777 0.5018587360594795 0.02 0.05204460966542751
0 0.2644444444444444 0.5446096654275092 0.026666666666666665 0.040892193308550186
1 0.4588888888888889 0.6301115241635687 0.024444444444444446 0.040892193308550186
1 0.8122222222222222 0.4591078066914498 0.024444444444444446 0.055762081784386616
0 0.8444444444444444 0.4163568773234201 0.026666666666666665 0.04460966542750929
0 0.8788888888888889 0.4144981412639405 0.024444444444444446 0.0483271375464684
0 0.8666666666666667 0.4553903345724907 0.03111111111111111 0.040892193308550186
0 0.8977777777777778 0.5037174721189591 0.022222222222222223 0.0483271375464684
0 0.9188888888888889 0.5427509293680297 0.024444444444444446 0.04460966542750929
1 0.6455555555555555 0.6747211895910781 0.024444444444444446 0.040892193308550186
