0 0.13 0.40892193308550184 0.03333333333333333 0.04460966542750929
0 0.16666666666666666 0.44981412639405205 0.03111111111111111 0.03717472118959107
0 0.22 0.5315985130111524 0.026666666666666665 0.04460966542750929
0 0.3622222222222222 0.27137546468401486 0.03111111111111111 0.04460966542750929
0 0.12666666666666668 0.4944237918215613 0.026666666666666665 0.04460966542750929
0 0.4488888888888889 0.7936802973977695 0.026666666666666665 0.0483271375464684
0 0.6366666666666667 0.7973977695167286 0.024444444444444446 0.0483271375464684
1 0.7711111111111111 0.275092936802974 0.022222222222222223 0.05204460966542751
1 0.6155555555555555 0.23605947955390333 0.03111111111111111 0.0483271375464684
0 0.6811111111111111 0.4479553903345725 0.028888888888888888 0.0483271375464684
0 0.7522222222222222 0.5 0.05555555555555555 0.040892193308550186
0 0.7088888888888889 0.5371747211895911 0.026666666666666665 0.0483271375464684
0 0.8811111111111111 0.5223048327137546 0.03777777777777778 0.07806691449814127
0 0.8766666666666667 0.4479553903345725 0.024444444444444446 0.040892193308550186
0 0.8344444444444444 0.5446096654275092 0.028888888888888888 0.0483271375464684
