0 0.2088888888888889 0.4312267657992565 0.16444444444444445 0.08921933085501858
0 0.4011111111111111 0.4070631970260223 0.028888888888888888 0.040892193308550186
0 0.4766666666666667 0.41263940520446096 0.03333333333333333 0.04460966542750929
0 0.3566666666666667 0.4479553903345725 0.03777777777777778 0.040892193308550186
0 0.45222222222222225 0.44981412639405205 0.024444444444444446 0.04460966542750929
0 0.18333333333333332 0.5390334572490706 0.028888888888888888 0.04460966542750929
1 0.7055555555555556 0.36059479553903345 0.024444444444444446 0.05204460966542751
0 0.7488888888888889 0.5836431226765799 0.022222222222222223 0.04460966542750929
0 0.9322222222222222 0.4144981412639405 0.024444444444444446 0.040892193308550186
0 0.9822222222222222 0.4944237918215613 0.035555555555555556 0.04460966542750929
0 0.9877777777777778 0.6654275092936802 0.024444444444444446 0.04460966542750929
0 0.9377777777777778 0.7973977695167286 0.026666666666666665 0.0483271375464684
