0 0.1711111111111111 0.40892193308550184 0.026666666666666665 0.05204460966542751
0 0.08888888888888889 0.4107806691449814 0.022222222222222223 0.0483271375464684
0 0.1388888888888889 0.48884758364312264 0.051111111111111114 0.0483271375464684
0 0.16555555555555557 0.5260223048327137 0.028888888888888888 0.055762081784386616
0 0.14333333333333334 0.6654275092936802 0.024444444444444446 0.05204460966542751
0 0.09222222222222222 0.7973977695167286 0.024444444444444446 0.040892193308550186
0 0.23333333333333334 0.4869888475836431 0.026666666666666665 0.05947955390334572
0 0.5022222222222222 0.5297397769516728 0.022222222222222223 0.0483271375464684
1 0.6066666666666667 0.49814126394052044 0.026666666666666665 0.05204460966542751
0 0.58 0.49256505576208176 0.026666666666666665 0.055762081784386616
1 0.6011111111111112 0.2657992565055762 0.028888888888888888 0.0483271375464684
0 0.6777777777777778 0.4962825278810409 0.026666666666666665 0.0483271375464684
0 0.8977777777777778 0.3159851301115241 0.022222222222222223 0.05204460966542751
0 0.9011111111111111 0.4479553903345725 0.02 0.0483271375464684
0 0.9288888888888889 0.5371747211895911 0.035555555555555556 0.040892193308550186
0 0.9344444444444444 0.4944237918215613 0.024444444444444446 0.04460966542750929
