1 0.058888888888888886 0.3698884758364312 0.02 0.055762081784386616
0 0.06555555555555556 0.44981412639405205 0.028888888888888888 0.05204460966542751
0 0.15444444444444444 0.45167286245353155 0.02 0.040892193308550186
0 0.17333333333333334 0.49814126394052044 0.05333333333333333 0.04460966542750929
0 0.12 0.5371747211895911 0.026666666666666665 0.040892193308550186
0 0.26 0.5353159851301115 0.022222222222222223 0.04460966542750929
1 0.4577777777777778 0.6226765799256505 0.026666666666666665 0.040892193308550186
0 0.6911111111111111 0.44981412639405205 0.035555555555555556 0.05204460966542751
0 0.8422222222222222 0.4163568773234201 0.022222222222222223 0.05204460966542751
0 0.8788888888888889 0.4144981412639405 0.024444444444444446 0.0483271375464684
0 0.8733333333333333 0.5390334572490706 0.022222222222222223 0.04460966542750929
0 0.9211111111111111 0.5427509293680297 0.024444444444444446 0.04460966542750929
1 0.6477777777777778 0.6728624535315985 0.024444444444444446 0.04460966542750929
