1 0.38666666666666666 0.11710037174721188 0.022222222222222223 0.055762081784386616
1 0.40555555555555556 0.11524163568773234 0.024444444444444446 0.05204460966542751
1 0.43222222222222223 0.11524163568773234 0.024444444444444446 0.05204460966542751
1 0.47555555555555556 0.11895910780669144 0.026666666666666665 0.05947955390334572
0 0.7422222222222222 0.3308550185873606 0.026666666666666665 0.04460966542750929
0 0.7277777777777777 0.3661710037174721 0.024444444444444446 0.040892193308550186
0 0.08888888888888889 0.2007434944237918 0.022222222222222223 0.05204460966542751
0 0.014444444444444444 0.20817843866171004 0.024444444444444446 0.04460966542750929
0 0.35 0.3327137546468401 0.028888888888888888 0.040892193308550186
0 0.16777777777777778 0.3754646840148699 0.028888888888888888 0.04460966542750929
0 0.4066666666666667 0.36802973977695164 0.026666666666666665 0.04460966542750929
0 0.47333333333333333 0.33457249070631967 0.026666666666666665 0.03717472118959107
0 0.4988888888888889 0.48141263940520446 0.028888888888888888 0.08550185873605948
