1 0.6288888888888889 0.2788104089219331 0.026666666666666665 0.04460966542750929
1 0.7311111111111112 0.3643122676579926 0.026666666666666665 0.03717472118959107
0 0.15333333333333332 0.4535315985130111 0.022222222222222223 0.04460966542750929
0 0.17222222222222222 0.5 0.04666666666666667 0.03345724907063197
0 0.2633333333333333 0.5408921933085502 0.024444444444444446 0.0483271375464684
1 0.46111111111111114 0.6319702602230483 0.028888888888888888 0.04460966542750929
1 0.6477777777777778 0.6802973977695167 0.024444444444444446 0.04460966542750929
0 0.6922222222222222 0.4553903345724907 0.028888888888888888 0.0483271375464684
0 0.8444444444444444 0.42007434944237915 0.022222222222222223 0.04460966542750929
0 0.8811111111111111 0.42007434944237915 0.024444444444444446 0.04460966542750929
0 0.8744444444444445 0.5483271375464683 0.024444444444444446 0.055762081784386616
0 0.92 0.5427509293680297 0.022222222222222223 0.04460966542750929
