0 0.8911111111111111 0.45724907063197023 0.04888888888888889 0.05204460966542751
0 0.8311111111111111 0.5260223048327137 0.026666666666666665 0.07806691449814127
0 0.8877777777777778 0.5260223048327137 0.04666666666666667 0.07806691449814127
0 0.7366666666666667 0.5018587360594795 0.024444444444444446 0.04460966542750929
1 0.36444444444444446 0.2788104089219331 0.022222222222222223 0.04460966542750929
1 0.6144444444444445 0.2379182156133829 0.024444444444444446 0.04460966542750929
0 0.13111111111111112 0.4144981412639405 0.04 0.0483271375464684
0 0.16666666666666666 0.4535315985130111 0.026666666666666665 0.03717472118959107
0 0.12555555555555556 0.5018587360594795 0.024444444444444446 0.04460966542750929
0 0.22 0.5446096654275092 0.026666666666666665 0.0483271375464684
0 0.45111111111111113 0.8029739776951672 0.022222222222222223 0.03717472118959107
