0 0.15444444444444444 0.45167286245353155 0.024444444444444446 0.0483271375464684
0 0.12 0.5353159851301115 0.026666666666666665 0.04460966542750929
0 0.17444444444444446 0.4944237918215613 0.05555555555555555 0.04460966542750929
0 0.2611111111111111 0.5353159851301115 0.024444444444444446 0.03717472118959107
1 0.6933333333333334 0.45167286245353155 0.03111111111111111 0.0483271375464684
0 0.8633333333333333 0.42936802973977695 0.05555555555555555 0.07063197026022304
1 0.6477777777777778 0.6728624535315985 0.024444444444444446 0.05204460966542751
0 0.8755555555555555 0.5427509293680297 0.026666666666666665 0.05204460966542751
0 0.9233333333333333 0.5446096654275092 0.03333333333333333 0.0483271375464684
1 0.45666666666666667 0.620817843866171 0.024444444444444446 0.04460966542750929
1 0.09666666666666666 0.23420074349442377 0.024444444444444446 0.04460966542750929
