1 0.3622222222222222 0.27137546468401486 0.026666666666666665 0.04460966542750929
1 0.6155555555555555 0.2379182156133829 0.026666666666666665 0.04460966542750929
0 0.7388888888888889 0.5037174721189591 0.024444444444444446 0.0483271375464684
0 0.8277777777777777 0.5055762081784386 0.024444444444444446 0.03717472118959107
0 0.8888888888888888 0.4553903345724907 0.044444444444444446 0.0483271375464684
0 0.8866666666666667 0.5241635687732342 0.05333333333333333 0.08178438661710037
0 0.4488888888888889 0.7973977695167286 0.026666666666666665 0.040892193308550186
0 0.1288888888888889 0.4144981412639405 0.035555555555555556 0.0483271375464684
0 0.08777777777777777 0.5185873605947955 0.03333333333333333 0.07806691449814127
0 0.12777777777777777 0.5018587360594795 0.028888888888888888 0.05204460966542751
0 0.16555555555555557 0.44981412639405205 0.028888888888888888 0.04460966542750929
