1 0.5733333333333334 0.44423791821561337 0.026666666666666665 0.055762081784386616
0 0.7766666666666666 0.21747211895910779 0.024444444444444446 0.040892193308550186
0 0.7966666666666666 0.26022304832713755 0.028888888888888888 0.05204460966542751
0 0.8622222222222222 0.2379182156133829 0.035555555555555556 0.08178438661710037
0 0.9366666666666666 0.21933085501858735 0.024444444444444446 0.04460966542750929
0 0.8766666666666667 0.5315985130111524 0.028888888888888888 0.04460966542750929
0 0.8444444444444444 0.6635687732342007 0.026666666666666665 0.0483271375464684
0 0.4811111111111111 0.7527881040892193 0.024444444444444446 0.040892193308550186
0 0.9733333333333334 0.6988847583643122 0.026666666666666665 0.04460966542750929
0 0.92 0.8011152416356877 0.026666666666666665 0.055762081784386616
0 0.08 0.21003717472118957 0.022222222222222223 0.0483271375464684
