0 0.07888888888888888 0.20817843866171004 0.028888888888888888 0.04460966542750929
1 0.5711111111111111 0.4423791821561338 0.026666666666666665 0.05204460966542751
0 0.7744444444444445 0.21747211895910779 0.028888888888888888 0.040892193308550186
0 0.8555555555555555 0.21561338289962825 0.026666666666666665 0.04460966542750929
0 0.7955555555555556 0.25464684014869887 0.026666666666666665 0.0483271375464684
0 0.8744444444444445 0.5278810408921932 0.024444444444444446 0.04460966542750929
0 0.8433333333333334 0.6654275092936802 0.024444444444444446 0.05204460966542751
0 0.47888888888888886 0.7527881040892193 0.024444444444444446 0.0483271375464684
0 0.9733333333333334 0.6988847583643122 0.026666666666666665 0.05204460966542751
0 0.8688888888888889 0.25464684014869887 0.026666666666666665 0.0483271375464684
