0 0.41333333333333333 0.20817843866171004 0.026666666666666665 0.05204460966542751
0 0.33 0.25092936802973975 0.028888888888888888 0.055762081784386616
0 0.28444444444444444 0.2527881040892193 0.026666666666666665 0.05204460966542751
0 0.0811111111111111 0.2527881040892193 0.024444444444444446 0.05204460966542751
0 0.31444444444444447 0.47211895910780666 0.024444444444444446 0.04460966542750929
1 0.4533333333333333 0.5241635687732342 0.026666666666666665 0.05204460966542751
1 0.6044444444444445 0.34014869888475835 0.026666666666666665 0.0483271375464684
1 0.7233333333333334 0.3011152416356877 0.028888888888888888 0.05204460966542751
0 0.8333333333333334 0.3420074349442379 0.026666666666666665 0.04460966542750929
0 0.8155555555555556 0.7007434944237918 0.026666666666666665 0.0483271375464684
0 0.9211111111111111 0.6970260223048327 0.024444444444444446 0.0483271375464684
