0 0.2011111111111111 0.2379182156133829 0.042222222222222223 0.0966542750929368
0 0.14 0.3178438661710037 0.17777777777777778 0.1003717472118959
0 0.23333333333333334 0.4070631970260223 0.04 0.08550185873605948
0 0.13333333333333333 0.49256505576208176 0.16444444444444445 0.10780669144981413
0 0.07555555555555556 0.6747211895910781 0.04888888888888889 0.10780669144981413
0 0.08222222222222222 0.8550185873605948 0.06222222222222222 0.10408921933085502
0 0.37555555555555553 0.5947955390334572 0.04888888888888889 0.08178438661710037
0 0.35555555555555557 0.7546468401486989 0.026666666666666665 0.04460966542750929
1 0.5222222222222223 0.3903345724907063 0.026666666666666665 0.05204460966542751
1 0.5188888888888888 0.43308550185873607 0.028888888888888888 0.0483271375464684
0 0.48777777777777775 0.4795539033457249 0.04666666666666667 0.04460966542750929
1 0.6566666666666666 0.3587360594795539 0.03777777777777778 0.06319702602230483
0 0.6622222222222223 0.3066914498141264 0.035555555555555556 0.055762081784386616
