0 0.09 0.3178438661710037 0.042222222222222223 0.09293680297397769
0 0.08 0.5650557620817843 0.022222222222222223 0.04460966542750929
0 0.11 0.604089219330855 0.024444444444444446 0.0483271375464684
0 0.49333333333333335 0.4312267657992565 0.026666666666666665 0.03717472118959107
0 0.5588888888888889 0.3903345724907063 0.024444444444444446 0.05204460966542751
0 0.7011111111111111 0.4795539033457249 0.024444444444444446 0.04460966542750929
0 0.9155555555555556 0.8438661710037174 0.022222222222222223 0.04460966542750929
1 0.23 0.6561338289962825 0.024444444444444446 0.0483271375464684
1 0.2311111111111111 0.7509293680297398 0.026666666666666665 0.04460966542750929
1 0.31666666666666665 0.5185873605947955 0.024444444444444446 0.0483271375464684
1 0.3211111111111111 0.8364312267657992 0.028888888888888888 0.04460966542750929
