0 0.11666666666666667 0.23420074349442377 0.03333333333333333 0.08178438661710037
0 0.1288888888888889 0.6338289962825279 0.15555555555555556 0.1895910780669145
0 0.24222222222222223 0.6579925650557621 0.07555555555555556 0.05947955390334572
0 0.25333333333333335 0.7026022304832713 0.026666666666666665 0.04460966542750929
0 0.29777777777777775 0.7026022304832713 0.026666666666666665 0.04460966542750929
0 0.33666666666666667 0.6802973977695167 0.03777777777777778 0.0966542750929368
0 0.38666666666666666 0.7063197026022304 0.022222222222222223 0.05204460966542751
0 0.4311111111111111 0.7026022304832713 0.026666666666666665 0.05947955390334572
1 0.55 0.6617100371747212 0.024444444444444446 0.05204460966542751
0 0.9255555555555556 0.6319702602230483 0.06 0.17843866171003717
