0 0.4111111111111111 0.2137546468401487 0.026666666666666665 0.040892193308550186
0 0.8311111111111111 0.3382899628252788 0.022222222222222223 0.05204460966542751
0 0.9211111111111111 0.7007434944237918 0.028888888888888888 0.040892193308550186
0 0.8133333333333334 0.7007434944237918 0.026666666666666665 0.0483271375464684
1 0.72 0.29925650557620814 0.026666666666666665 0.0483271375464684
1 0.6022222222222222 0.3420074349442379 0.03111111111111111 0.05204460966542751
1 0.45 0.5223048327137546 0.028888888888888888 0.055762081784386616
0 0.31333333333333335 0.47769516728624534 0.026666666666666665 0.055762081784386616
0 0.32555555555555554 0.25092936802973975 0.028888888888888888 0.0483271375464684
0 0.2811111111111111 0.25092936802973975 0.024444444444444446 0.0483271375464684
0 0.07777777777777778 0.25092936802973975 0.026666666666666665 0.0483271375464684
