1 0.23 0.6561338289962825 0.024444444444444446 0.0483271375464684
1 0.31555555555555553 0.5223048327137546 0.022222222222222223 0.0483271375464684
1 0.2311111111111111 0.7490706319702601 0.03111111111111111 0.0483271375464684
1 0.32222222222222224 0.8420074349442379 0.03111111111111111 0.055762081784386616
0 0.2611111111111111 0.6988847583643122 0.024444444444444446 0.05204460966542751
0 0.37555555555555553 0.570631970260223 0.03111111111111111 0.055762081784386616
0 0.49444444444444446 0.4312267657992565 0.024444444444444446 0.04460966542750929
0 0.6722222222222223 0.4182156133828996 0.042222222222222223 0.1003717472118959
0 0.74 0.6858736059479553 0.06222222222222222 0.08550185873605948
0 0.9188888888888889 0.21003717472118957 0.03333333333333333 0.0483271375464684
0 0.9755555555555555 0.25464684014869887 0.026666666666666665 0.055762081784386616
0 0.8822222222222222 0.7026022304832713 0.017777777777777778 0.04460966542750929
