1 0.5788888888888889 0.2137546468401487 0.024444444444444446 0.0483271375464684
1 0.31777777777777777 0.5223048327137546 0.026666666666666665 0.055762081784386616
1 0.23222222222222222 0.6579925650557621 0.028888888888888888 0.04460966542750929
1 0.3211111111111111 0.8401486988847583 0.028888888888888888 0.04460966542750929
0 0.4588888888888889 0.5223048327137546 0.024444444444444446 0.0483271375464684
0 0.4922222222222222 0.43494423791821557 0.024444444444444446 0.04460966542750929
0 0.6677777777777778 0.3011152416356877 0.02 0.05204460966542751
0 0.6777777777777778 0.6635687732342007 0.03111111111111111 0.0483271375464684
0 0.7333333333333333 0.70817843866171 0.022222222222222223 0.0483271375464684
0 0.9133333333333333 0.23420074349442377 0.026666666666666665 0.08178438661710037
0 0.9344444444444444 0.30297397769516726 0.024444444444444446 0.0483271375464684
