0 0.4911111111111111 0.43308550185873607 0.022222222222222223 0.0483271375464684
0 0.6711111111111111 0.4182156133828996 0.08888888888888889 0.1003717472118959
0 0.7366666666666667 0.6858736059479553 0.06444444444444444 0.08550185873605948
0 0.37444444444444447 0.5669144981412639 0.028888888888888888 0.0483271375464684
0 0.2633333333333333 0.6988847583643122 0.024444444444444446 0.04460966542750929
1 0.31777777777777777 0.5204460966542751 0.026666666666666665 0.04460966542750929
1 0.23333333333333334 0.6598513011152416 0.03111111111111111 0.0483271375464684
0 0.8866666666666667 0.70817843866171 0.022222222222222223 0.040892193308550186
0 0.9055555555555556 0.7546468401486989 0.024444444444444446 0.04460966542750929
0 0.9744444444444444 0.25650557620817843 0.02 0.04460966542750929
