0 0.13555555555555557 0.20631970260223048 0.022222222222222223 0.040892193308550186
0 0.19555555555555557 0.21003717472118957 0.022222222222222223 0.0483271375464684
0 0.17 0.24907063197026022 0.024444444444444446 0.03717472118959107
0 0.11222222222222222 0.24907063197026022 0.02 0.05204460966542751
0 0.07 0.22304832713754646 0.03777777777777778 0.08921933085501858
0 0.09444444444444444 0.3420074349442379 0.024444444444444446 0.03717472118959107
0 0.07 0.5037174721189591 0.03777777777777778 0.08550185873605948
0 0.3111111111111111 0.4795539033457249 0.026666666666666665 0.05204460966542751
0 0.4677777777777778 0.24907063197026022 0.024444444444444446 0.05204460966542751
1 0.45 0.5223048327137546 0.024444444444444446 0.0483271375464684
0 0.5511111111111111 0.49814126394052044 0.026666666666666665 0.0966542750929368
1 0.6 0.34386617100371747 0.026666666666666665 0.0483271375464684
0 0.9522222222222222 0.2137546468401487 0.024444444444444446 0.0483271375464684
1 0.7211111111111111 0.3048327137546468 0.028888888888888888 0.05204460966542751
