0 0.03777777777777778 0.47769516728624534 0.022222222222222223 0.0483271375464684
0 0.1622222222222222 0.395910780669145 0.03111111111111111 0.0483271375464684
0 0.8011111111111111 0.25464684014869887 0.03333333333333333 0.0483271375464684
0 0.7866666666666666 0.34386617100371747 0.026666666666666665 0.040892193308550186
1 0.6566666666666666 0.43494423791821557 0.024444444444444446 0.04460966542750929
0 0.7288888888888889 0.38847583643122674 0.026666666666666665 0.0483271375464684
0 0.8011111111111111 0.395910780669145 0.024444444444444446 0.040892193308550186
1 0.8166666666666667 0.43680297397769513 0.024444444444444446 0.055762081784386616
0 0.6877777777777778 0.8438661710037174 0.028888888888888888 0.04460966542750929
0 0.85 0.7936802973977695 0.02 0.040892193308550186
0 0.9277777777777778 0.6821561338289962 0.028888888888888888 0.09293680297397769
