0 0.49333333333333335 0.43494423791821557 0.026666666666666665 0.04460966542750929
0 0.37444444444444447 0.5650557620817843 0.024444444444444446 0.04460966542750929
0 0.26222222222222225 0.7007434944237918 0.026666666666666665 0.0483271375464684
0 0.8833333333333333 0.7007434944237918 0.028888888888888888 0.0483271375464684
0 0.9077777777777778 0.7509293680297398 0.024444444444444446 0.04460966542750929
1 0.9233333333333333 0.3215613382899628 0.028888888888888888 0.08550185873605948
0 0.5655555555555556 0.25464684014869887 0.024444444444444446 0.0483271375464684
1 0.31666666666666665 0.5223048327137546 0.024444444444444446 0.0483271375464684
1 0.2311111111111111 0.6579925650557621 0.026666666666666665 0.05204460966542751
0 0.9733333333333334 0.2527881040892193 0.026666666666666665 0.05204460966542751
