0 0.5666666666666667 0.25650557620817843 0.026666666666666665 0.04460966542750929
0 0.8844444444444445 0.7063197026022304 0.022222222222222223 0.03717472118959107
0 0.9088888888888889 0.7546468401486989 0.022222222222222223 0.04460966542750929
0 0.37444444444444447 0.570631970260223 0.024444444444444446 0.040892193308550186
0 0.2633333333333333 0.7007434944237918 0.02 0.040892193308550186
1 0.23 0.6561338289962825 0.028888888888888888 0.0483271375464684
1 0.31666666666666665 0.5223048327137546 0.024444444444444446 0.0483271375464684
0 0.49333333333333335 0.43494423791821557 0.022222222222222223 0.04460966542750929
1 0.9211111111111111 0.3308550185873606 0.028888888888888888 0.08921933085501858
0 0.9733333333333334 0.25650557620817843 0.026666666666666665 0.03717472118959107
