1 0.7988888888888889 0.2620817843866171 0.028888888888888888 0.07063197026022304
1 0.92 0.2639405204460966 0.026666666666666665 0.05204460966542751
0 0.7855555555555556 0.34572490706319703 0.02 0.04460966542750929
1 0.73 0.395910780669145 0.024444444444444446 0.055762081784386616
1 0.8 0.4014869888475836 0.022222222222222223 0.05947955390334572
1 0.8133333333333334 0.4423791821561338 0.026666666666666665 0.05947955390334572
1 0.6533333333333333 0.43494423791821557 0.026666666666666665 0.03717472118959107
0 0.9266666666666666 0.6821561338289962 0.03111111111111111 0.09293680297397769
0 0.8511111111111112 0.7955390334572491 0.026666666666666665 0.05204460966542751
0 0.6866666666666666 0.8401486988847583 0.03111111111111111 0.04460966542750929
0 0.035555555555555556 0.4869888475836431 0.026666666666666665 0.04460966542750929
0 0.16111111111111112 0.395910780669145 0.024444444444444446 0.0483271375464684
