0 0.03666666666666667 0.4851301115241635 0.028888888888888888 0.0483271375464684
0 0.1622222222222222 0.39776951672862454 0.026666666666666665 0.04460966542750929
0 0.6866666666666666 0.8401486988847583 0.022222222222222223 0.05204460966542751
0 0.8511111111111112 0.7973977695167286 0.03111111111111111 0.0483271375464684
0 0.9277777777777778 0.6821561338289962 0.028888888888888888 0.09293680297397769
1 0.73 0.39776951672862454 0.028888888888888888 0.05947955390334572
1 0.8022222222222222 0.39776951672862454 0.026666666666666665 0.05947955390334572
1 0.8166666666666667 0.44423791821561337 0.024444444444444446 0.06319702602230483
0 0.7855555555555556 0.34386617100371747 0.024444444444444446 0.055762081784386616
1 0.8022222222222222 0.26022304832713755 0.035555555555555556 0.05204460966542751
