0 0.07666666666666666 0.25092936802973975 0.028888888888888888 0.0483271375464684
0 0.2811111111111111 0.2527881040892193 0.024444444444444446 0.05204460966542751
0 0.32555555555555554 0.25464684014869887 0.024444444444444446 0.0483271375464684
0 0.4088888888888889 0.21561338289962825 0.026666666666666665 0.04460966542750929
0 0.8288888888888889 0.34386617100371747 0.026666666666666665 0.055762081784386616
0 0.8133333333333334 0.7063197026022304 0.026666666666666665 0.05204460966542751
0 0.9188888888888889 0.7026022304832713 0.028888888888888888 0.04460966542750929
1 0.7188888888888889 0.30855018587360594 0.024444444444444446 0.05204460966542751
1 0.6 0.34014869888475835 0.026666666666666665 0.0483271375464684
1 0.45 0.5241635687732342 0.028888888888888888 0.05204460966542751
0 0.31222222222222223 0.4795539033457249 0.028888888888888888 0.05204460966542751
