0 0.6666666666666666 0.3048327137546468 0.026666666666666665 0.05204460966542751
0 0.9133333333333333 0.23234200743494424 0.022222222222222223 0.08550185873605948
0 0.9344444444444444 0.30855018587360594 0.028888888888888888 0.05204460966542751
0 0.5788888888888889 0.2137546468401487 0.024444444444444446 0.0483271375464684
0 0.4911111111111111 0.43494423791821557 0.026666666666666665 0.05204460966542751
0 0.46 0.5223048327137546 0.026666666666666665 0.0483271375464684
0 0.7333333333333333 0.7007434944237918 0.026666666666666665 0.0483271375464684
0 0.6755555555555556 0.6672862453531598 0.026666666666666665 0.0483271375464684
1 0.31777777777777777 0.5204460966542751 0.026666666666666665 0.05204460966542751
1 0.2311111111111111 0.6598513011152416 0.03111111111111111 0.0483271375464684
1 0.3211111111111111 0.8345724907063197 0.028888888888888888 0.0483271375464684
1 0.23222222222222222 0.7509293680297398 0.028888888888888888 0.04460966542750929
