0 0.6666666666666666 0.30297397769516726 0.022222222222222223 0.055762081784386616
0 0.9144444444444444 0.23605947955390333 0.024444444444444446 0.09293680297397769
0 0.9322222222222222 0.30297397769516726 0.024444444444444446 0.0483271375464684
0 0.5766666666666667 0.21561338289962825 0.02 0.05204460966542751
0 0.49333333333333335 0.4312267657992565 0.026666666666666665 0.05204460966542751
0 0.46 0.5241635687732342 0.022222222222222223 0.03717472118959107
1 0.31666666666666665 0.5241635687732342 0.024444444444444446 0.05204460966542751
1 0.23222222222222222 0.6561338289962825 0.024444444444444446 0.040892193308550186
0 0.6755555555555556 0.6654275092936802 0.026666666666666665 0.05204460966542751
0 0.7322222222222222 0.7044609665427509 0.024444444444444446 0.0483271375464684
1 0.32222222222222224 0.8420074349442379 0.03111111111111111 0.055762081784386616
