0 0.07888888888888888 0.24907063197026022 0.028888888888888888 0.04460966542750929
0 0.2811111111111111 0.2527881040892193 0.024444444444444446 0.05204460966542751
0 0.32555555555555554 0.25464684014869887 0.024444444444444446 0.0483271375464684
0 0.41 0.21189591078066913 0.024444444444444446 0.05204460966542751
1 0.7211111111111111 0.29925650557620814 0.028888888888888888 0.0483271375464684
0 0.8311111111111111 0.3420074349442379 0.026666666666666665 0.04460966542750929
1 0.5988888888888889 0.34014869888475835 0.028888888888888888 0.0483271375464684
0 0.31222222222222223 0.483271375464684 0.024444444444444446 0.05204460966542751
0 0.8133333333333334 0.6988847583643122 0.026666666666666665 0.05204460966542751
1 0.45 0.5223048327137546 0.028888888888888888 0.0483271375464684
