0 0.4111111111111111 0.20817843866171004 0.026666666666666665 0.04460966542750929
0 0.08 0.25464684014869887 0.026666666666666665 0.0483271375464684
0 0.2811111111111111 0.24907063197026022 0.024444444444444446 0.05204460966542751
0 0.32666666666666666 0.2527881040892193 0.022222222222222223 0.04460966542750929
1 0.5988888888888889 0.3420074349442379 0.024444444444444446 0.04460966542750929
1 0.7211111111111111 0.30297397769516726 0.028888888888888888 0.0483271375464684
0 0.31222222222222223 0.4851301115241635 0.024444444444444446 0.0483271375464684
1 0.45222222222222225 0.5241635687732342 0.028888888888888888 0.04460966542750929
0 0.8133333333333334 0.6988847583643122 0.026666666666666665 0.04460966542750929
0 0.83 0.34014869888475835 0.024444444444444446 0.0483271375464684
