0 0.49333333333333335 0.43680297397769513 0.026666666666666665 0.0483271375464684
0 0.37666666666666665 0.5762081784386617 0.024444444444444446 0.04460966542750929
0 0.2633333333333333 0.70817843866171 0.024444444444444446 0.0483271375464684
0 0.7377777777777778 0.6635687732342007 0.026666666666666665 0.0483271375464684
0 0.9755555555555555 0.258364312267658 0.022222222222222223 0.040892193308550186
0 0.9222222222222223 0.21933085501858735 0.035555555555555556 0.05204460966542751
0 0.8822222222222222 0.7063197026022304 0.022222222222222223 0.04460966542750929
1 0.3211111111111111 0.8438661710037174 0.028888888888888888 0.05204460966542751
1 0.23222222222222222 0.6617100371747212 0.028888888888888888 0.05204460966542751
1 0.31666666666666665 0.5297397769516728 0.028888888888888888 0.055762081784386616
