0 0.24555555555555555 0.34014869888475835 0.024444444444444446 0.0483271375464684
0 0.5277777777777778 0.33643122676579923 0.02 0.0483271375464684
0 0.5766666666666667 0.5650557620817843 0.024444444444444446 0.05204460966542751
0 0.6655555555555556 0.5631970260223048 0.024444444444444446 0.0483271375464684
0 0.6533333333333333 0.6059479553903345 0.026666666666666665 0.03717472118959107
0 0.6033333333333334 0.654275092936803 0.024444444444444446 0.04460966542750929
0 0.5811111111111111 0.6970260223048327 0.028888888888888888 0.040892193308550186
0 0.5188888888888888 0.6970260223048327 0.024444444444444446 0.0483271375464684
0 0.3377777777777778 0.5650557620817843 0.026666666666666665 0.04460966542750929
0 0.43666666666666665 0.5650557620817843 0.03333333333333333 0.05204460966542751
0 0.2588888888888889 0.5631970260223048 0.024444444444444446 0.0483271375464684
