0 0.20555555555555555 0.21003717472118957 0.024444444444444446 0.0483271375464684
0 0.17777777777777778 0.3011152416356877 0.03111111111111111 0.04460966542750929
0 0.09333333333333334 0.6988847583643122 0.026666666666666665 0.05204460966542751
0 0.07888888888888888 0.8810408921933085 0.028888888888888888 0.04460966542750929
0 0.24555555555555555 0.5260223048327137 0.028888888888888888 0.0483271375464684
0 0.3922222222222222 0.3048327137546468 0.024444444444444446 0.05204460966542751
0 0.4911111111111111 0.43494423791821557 0.026666666666666665 0.04460966542750929
0 0.6722222222222223 0.8011152416356877 0.024444444444444446 0.0483271375464684
0 0.7444444444444445 0.8847583643122676 0.026666666666666665 0.05204460966542751
0 0.9388888888888889 0.5278810408921932 0.024444444444444446 0.05204460966542751
1 0.23222222222222222 0.6598513011152416 0.028888888888888888 0.055762081784386616
1 0.23222222222222222 0.7527881040892193 0.03333333333333333 0.0483271375464684
0 0.32666666666666666 0.8420074349442379 0.035555555555555556 0.0483271375464684
