1 0.14888888888888888 0.8847583643122676 0.026666666666666665 0.05204460966542751
1 0.5611111111111111 0.5037174721189591 0.028888888888888888 0.10780669144981413
0 0.7233333333333334 0.43308550185873607 0.024444444444444446 0.055762081784386616
0 0.6777777777777778 0.5687732342007434 0.022222222222222223 0.04460966542750929
0 0.7011111111111111 0.6598513011152416 0.024444444444444446 0.0483271375464684
0 0.6866666666666666 0.7862453531598512 0.026666666666666665 0.0483271375464684
0 0.7311111111111112 0.7472118959107806 0.026666666666666665 0.05204460966542751
0 0.4866666666666667 0.604089219330855 0.026666666666666665 0.0483271375464684
0 0.14222222222222222 0.8420074349442379 0.026666666666666665 0.0483271375464684
0 0.028888888888888888 0.3382899628252788 0.026666666666666665 0.05204460966542751
0 0.24 0.3903345724907063 0.026666666666666665 0.04460966542750929
0 0.15666666666666668 0.24721189591078066 0.024444444444444446 0.0483271375464684
0 0.5144444444444445 0.2955390334572491 0.02 0.0483271375464684
0 0.6877777777777778 0.24907063197026022 0.024444444444444446 0.04460966542750929
0 0.9355555555555556 0.8364312267657992 0.026666666666666665 0.04460966542750929
