0 0.25 0.23605947955390333 0.024444444444444446 0.08550185873605948
0 0.2644444444444444 0.3420074349442379 0.022222222222222223 0.04460966542750929
0 0.2677777777777778 0.3847583643122676 0.02 0.0483271375464684
0 0.25222222222222224 0.4869888475836431 0.024444444444444446 0.05204460966542751
1 0.24555555555555555 0.4312267657992565 0.024444444444444446 0.05204460966542751
0 0.09555555555555556 0.6988847583643122 0.026666666666666665 0.04460966542750929
0 0.3288888888888889 0.8810408921933085 0.03111111111111111 0.04460966542750929
0 0.78 0.258364312267658 0.026666666666666665 0.055762081784386616
0 0.9088888888888889 0.3011152416356877 0.022222222222222223 0.04460966542750929
0 0.9211111111111111 0.5260223048327137 0.024444444444444446 0.0483271375464684
0 0.6711111111111111 0.7936802973977695 0.026666666666666665 0.040892193308550186
