1 0.6911111111111111 0.2620817843866171 0.022222222222222223 0.055762081784386616
1 0.5622222222222222 0.5 0.026666666666666665 0.1003717472118959
1 0.2922222222222222 0.4851301115241635 0.02 0.055762081784386616
1 0.48777777777777775 0.6115241635687733 0.02 0.0483271375464684
0 0.6877777777777778 0.7936802973977695 0.024444444444444446 0.0483271375464684
0 0.7288888888888889 0.7509293680297398 0.026666666666666665 0.04460966542750929
1 0.49333333333333335 0.6970260223048327 0.022222222222222223 0.0483271375464684
0 0.6777777777777778 0.570631970260223 0.022222222222222223 0.0483271375464684
0 0.7022222222222222 0.6598513011152416 0.022222222222222223 0.055762081784386616
0 0.9344444444444444 0.8382899628252788 0.028888888888888888 0.055762081784386616
0 0.7255555555555555 0.42936802973977695 0.024444444444444446 0.040892193308550186
0 0.5133333333333333 0.2973977695167286 0.026666666666666665 0.04460966542750929
0 0.2411111111111111 0.3903345724907063 0.024444444444444446 0.05204460966542751
0 0.15777777777777777 0.2527881040892193 0.03111111111111111 0.04460966542750929
0 0.027777777777777776 0.3420074349442379 0.028888888888888888 0.03717472118959107
