0 0.2644444444444444 0.3420074349442379 0.026666666666666665 0.04460966542750929
0 0.27111111111111114 0.39219330855018586 0.026666666666666665 0.055762081784386616
0 0.2477777777777778 0.44052044609665425 0.02 0.040892193308550186
1 0.2511111111111111 0.4869888475836431 0.022222222222222223 0.05947955390334572
0 0.09777777777777778 0.7026022304832713 0.026666666666666665 0.04460966542750929
0 0.33 0.8810408921933085 0.028888888888888888 0.04460966542750929
0 0.7822222222222223 0.258364312267658 0.026666666666666665 0.040892193308550186
0 0.9077777777777778 0.30855018587360594 0.024444444444444446 0.04460966542750929
0 0.6744444444444444 0.7992565055762081 0.024444444444444446 0.04460966542750929
0 0.9211111111111111 0.5241635687732342 0.028888888888888888 0.05204460966542751
