0 0.20555555555555555 0.21189591078066913 0.028888888888888888 0.04460966542750929
0 0.17888888888888888 0.30297397769516726 0.028888888888888888 0.0483271375464684
0 0.39111111111111113 0.30297397769516726 0.022222222222222223 0.0483271375464684
0 0.49333333333333335 0.43680297397769513 0.022222222222222223 0.0483271375464684
0 0.24555555555555555 0.5260223048327137 0.024444444444444446 0.040892193308550186
1 0.31666666666666665 0.5241635687732342 0.02 0.04460966542750929
1 0.2311111111111111 0.6617100371747212 0.03111111111111111 0.05204460966542751
0 0.09222222222222222 0.7026022304832713 0.02 0.05204460966542751
0 0.07666666666666666 0.8847583643122676 0.024444444444444446 0.05204460966542751
0 0.67 0.7992565055762081 0.028888888888888888 0.04460966542750929
0 0.7433333333333333 0.8847583643122676 0.02 0.04460966542750929
0 0.3244444444444444 0.8382899628252788 0.035555555555555556 0.040892193308550186
