0 0.20555555555555555 0.21189591078066913 0.028888888888888888 0.05204460966542751
0 0.17666666666666667 0.3011152416356877 0.028888888888888888 0.04460966542750929
0 0.39111111111111113 0.3011152416356877 0.026666666666666665 0.04460966542750929
0 0.4922222222222222 0.43494423791821557 0.028888888888888888 0.04460966542750929
0 0.24444444444444444 0.5241635687732342 0.026666666666666665 0.04460966542750929
0 0.09444444444444444 0.6970260223048327 0.028888888888888888 0.0483271375464684
0 0.08 0.8773234200743494 0.03111111111111111 0.04460966542750929
1 0.2311111111111111 0.654275092936803 0.022222222222222223 0.05947955390334572
1 0.31555555555555553 0.5223048327137546 0.026666666666666665 0.055762081784386616
0 0.6722222222222223 0.8011152416356877 0.024444444444444446 0.0483271375464684
0 0.32666666666666666 0.8382899628252788 0.035555555555555556 0.0483271375464684
0 0.9388888888888889 0.5223048327137546 0.028888888888888888 0.040892193308550186
