0 0.09111111111111111 0.20631970260223048 0.026666666666666665 0.0483271375464684
0 0.028888888888888888 0.34014869888475835 0.022222222222222223 0.0483271375464684
0 0.15777777777777777 0.24721189591078066 0.026666666666666665 0.040892193308550186
0 0.24 0.3866171003717472 0.026666666666666665 0.04460966542750929
0 0.5155555555555555 0.2955390334572491 0.026666666666666665 0.0483271375464684
0 0.69 0.2453531598513011 0.024444444444444446 0.04460966542750929
0 0.48444444444444446 0.6078066914498141 0.026666666666666665 0.0483271375464684
0 0.6744444444444444 0.5613382899628252 0.02 0.04460966542750929
0 0.7 0.6486988847583642 0.022222222222222223 0.055762081784386616
0 0.7288888888888889 0.7472118959107806 0.026666666666666665 0.04460966542750929
0 0.6888888888888889 0.7862453531598512 0.026666666666666665 0.0483271375464684
0 0.7255555555555555 0.4312267657992565 0.028888888888888888 0.04460966542750929
1 0.5611111111111111 0.5 0.028888888888888888 0.10780669144981413
1 0.29333333333333333 0.4758364312267658 0.022222222222222223 0.05204460966542751
